1.114214243072080406e-87 1.099425025963697583e-155
1.854584977913501614e-43 8.016121872421574143e-76
1.977585471982263462e-56 2.030004140608896825e-112
3.907912396983194332e-102 3.569878030299050546e-122
2.544164162271046997e-90 2.194085329595698600e-103
1.128872369793445471e-50 2.296264854984093271e-96
9.643623510632819222e-29 4.198357067282234040e-52
2.068543427311732345e-68 1.471536732672216520e-98
1.684556562811122996e-85 6.639468696756773514e-152
2.007032919957744195e-80 1.450422304825394699e-93
4.139045724550773328e-113 5.013698274751799078e-176
2.806675638458298933e-106 1.069996758868206953e-92
9.552968926863711107e-86 5.375870521451671534e-151
1.902467845029214523e-33 2.602108361957297497e-63
8.987995153312040131e+00 3.412406317292552694e-16
4.378443615098481912e-33 2.654253729308880309e-45
2.121584144093259343e-41 8.083864481070808982e-36
4.803381397131963230e-41 2.071255362263548555e-46
8.222794289738488922e-38 8.434805231335561478e-44
2.398237332691223430e-65 1.198442853545310662e-10
3.118377485198652823e-93 2.334704203581520886e-92
1.986397032171774980e-16 2.673940248979586305e-16
3.333026050744235366e-05 3.731771126547420086e-18
3.037124653234128014e-41 7.289913680713323168e-30
4.713445679666633541e-41 1.137301233335572606e-69
2.766892691256963786e-75 3.233796033303935523e-64
2.792671339302905054e+01 2.149317698452529934e-79
7.459135041227513439e-19 7.233096268881064606e-02
4.290086439253547722e-06 5.233206328989525513e-55
3.736672542930934711e-86 5.433363374847273528e-68
1.374427008273697496e-96 1.970159317411891758e-73
3.554695714573540450e-129 0.000000000000000000e+00
1.403023535889116842e-128 0.000000000000000000e+00
4.739439722405344195e-121 4.669514563118748807e-99
1.477977717723060345e-80 0.000000000000000000e+00
4.991444855427286778e-18 9.388149573564836116e-33
1.991240658784880687e-80 0.000000000000000000e+00
1.319472581381393709e-95 0.000000000000000000e+00
8.018523690593866034e-32 1.589612253250092088e-217
1.380870421399646635e-95 0.000000000000000000e+00
2.248210182426675363e-01 8.124067317366837250e-109
2.485145938666679006e-30 3.113082800532213816e-44
1.056133166950681635e-21 2.991576367386863113e-314
8.914921257398967736e-21 2.343762634273076087e-232
2.932670900062466437e-80 0.000000000000000000e+00
6.504021051799375641e+01 1.128413247652438612e-127
1.138434064914543895e-128 0.000000000000000000e+00
4.330981102241254895e-96 0.000000000000000000e+00
2.891387762825076864e-36 0.000000000000000000e+00
4.082420636821623294e-13 7.266713425875379471e-27
3.587127673328365580e-96 0.000000000000000000e+00
7.787013807253092557e-01 2.491524860747776150e-66
3.072982929708249846e-25 0.000000000000000000e+00
1.150887748407442423e-06 6.825476038406983431e-46
5.182121396472812336e+01 1.736710292386399552e-228
2.464887923245245431e-09 1.101860485574355831e-190
3.291255798863489146e-80 0.000000000000000000e+00
8.840825907242894096e-76 5.263890604880364771e-148
1.277725558598205760e-65 0.000000000000000000e+00
3.761316979538976369e-08 1.101840669471057944e-103
6.473509829965371634e-96 0.000000000000000000e+00
2.485391698669556044e-09 1.089992070616692717e-125
2.740666031934532398e+00 3.039286458477504831e-40
1.128034017922993530e-19 2.195150019981639218e-46
3.044520964200813237e-98 4.910962602601077283e-94
1.068610886054245939e-22 2.557174006732725501e-77
8.365195335345621430e+00 1.041883327211882697e-54
1.550984053725097131e-58 1.321039752776103249e-82
3.166717874308546071e-111 3.812378037725278422e-105
3.073219730620380688e-61 6.455543375387700105e-76
4.197686783768666657e-82 4.866105962976273227e-60
1.167848733127946466e-63 1.399536021706167279e-53
1.406511183023023136e-97 6.200328185223926389e-85
9.250314134620900457e-52 1.338406165090493740e-25
1.083661212215951708e-95 2.626378776736148147e-89
7.294904175992070565e-96 6.828788976858761511e-90
8.601234673839130995e-53 1.028861614212761591e-29
6.821008824434940346e-24 9.828189101837580210e+00
7.714243460448134355e-68 2.906799610308059035e-69
2.156308930730159651e-48 5.608029933704787156e-18
4.049925118374254141e-98 2.194182773939867592e-85
5.675689412795254098e-70 7.247090473919736386e-43
1.370108673809943882e-93 1.209268923856045811e-61
1.765678009380433863e-15 1.314884319300943573e-40
2.513516223728299431e-54 3.236368195506437396e-70
5.467744058879552492e-62 1.191081286611908144e-25
5.306036010644905889e-57 5.222403581215942646e-43
4.402454011742133957e-31 3.016332891553095119e-22
1.645956916737402170e-53 1.761781880190530627e-16
2.750456020616532615e-93 6.342219184675944248e-62
1.104137168902076988e-14 7.004339684606564117e-32
6.470567756585336352e-97 6.383170880038159673e-90
1.059937032749801923e-57 8.927530708510011014e-67
1.335268992011354249e-108 1.098325680466274826e-85
6.010479630772659229e-83 1.755644709541115405e-20
1.580950941284102589e-63 3.532434056972865817e-19
4.471718269553364611e-60 3.307326892685936745e-32
1.369352395596959858e-16 9.090699093184860996e-19
1.623267801802130551e-61 4.738100287382860925e-53
5.806764931438455732e-51 7.531873099304068495e-54
5.515608747939955878e-91 4.770152859884923939e-51
7.301724222769380055e-136 4.263714614990941468e-95
1.117001852087642510e-151 8.586795956361271314e-106
4.889302858329994332e-108 1.572787578880770161e-44
4.751666400695996848e-104 1.910372806279419362e-55
5.728581378755400438e-106 1.896884776445025587e-56
7.368696004215327902e-78 4.268242773003466359e-23
4.973549142681033138e-60 6.676983708841835837e-16
1.952762236549428059e-63 6.997889335323488006e-61
1.467948991234865219e-112 4.835323510082804634e-47
1.984913960631190190e-62 9.082376767263756081e-34
1.383589727167657178e-60 3.329354466654547984e-08
1.545598473085131750e-161 1.064797545384737756e-101
1.584827103606156191e-87 2.318768371891287480e-58
1.096788965503430900e-136 3.428661753443833655e-110
6.669612212886534263e-137 1.468911260237269251e-108
3.337641717374590659e-77 3.636532689603008350e+01
2.973162517995335738e-107 3.147981202132081663e-36
2.016607673640315567e-16 7.641959905211954523e-08
1.888689698206378332e-106 5.201477233839630860e-13
1.814707639514613044e-05 2.746121261820257418e-10
6.757003468874315789e-102 5.159993146884849939e-39
4.071811227274947342e-91 1.531133691463935875e+01
1.947682923574029127e-69 7.435384781083801699e-26
6.202477107506082805e-147 8.416199564608712850e-65
1.770444306745424234e-64 3.094239074057004329e-05
1.615703635235337451e-28 9.514647955792113417e-19
2.244879280410471383e-120 1.308687581537568132e-41
1.202235303050678710e-109 4.198067681260703721e-86
8.155117879910019614e-85 3.356844211777403445e-31
7.905064056190028943e+00 4.359815403750647013e-104
3.723239963668189949e-30 3.609989428920045001e-06
1.707352361084334996e-42 1.754261392454397617e-106
5.581092158406106151e-58 7.239724840129897032e+00
7.604619389167103902e-60 1.776380301312929773e-54
2.311048276634922720e-125 2.488879728272946006e-46
1.092125078135676875e-68 3.141185343093808591e-01
1.553456288729959489e+01 2.619482723604427039e-42
5.237590800992333436e-65 3.742604633402857318e-61
1.037655006708519870e-93 4.242698939197835616e-40
1.131763302671359974e-76 6.169778293922745215e-65
4.874761177938886069e-116 4.050441375547305245e-54
2.328669735756743764e-45 6.861170963454360324e-13
9.130855577114425082e-25 2.822007909685589486e-15
1.390767396411863316e-78 1.444761907284710801e-55
9.118390135346098516e-52 2.684233157459212427e-18
1.962135375267690259e-89 2.108095760217727774e-97
2.322893070056397672e-26 5.619310988276603247e+00
2.574942879244342263e-131 2.011693161792964446e+01
1.501914790008842082e-84 1.476803577173972209e-119
5.115405415114960828e-11 6.935086267919839712e-08
3.976623500708893167e-16 1.522405515092511763e+01
1.836690695747883428e-100 7.724143872170151859e+00
2.954407693403330508e-146 1.366293070029343693e-14
6.155739673167772939e-54 4.585166152653304924e-28
1.480261344295603569e-139 5.895769846598511815e-127
7.089494632987454551e-50 8.609846846845867388e-55
2.363711180155729632e-45 9.655986044957282913e-07
5.649353881081095590e-126 2.464318295343971348e-97
1.408344926130808095e-68 1.349572210236121525e-40
2.160816111783926647e-57 2.693846334121973562e-23
2.284703745955895545e-24 8.998580476402368273e-38
1.124571135292202681e-35 1.120267091804704260e-04
2.786464184583001457e-117 7.590750042737572623e-98
1.038549790660888848e-31 3.386906079263097169e+00
6.489631215984712504e-56 1.759344315335061799e-61
2.635901997764362790e-45 2.641192596479067776e-41
3.936122189621671239e-76 1.393528077704296031e+01
4.777299020687306169e-80 4.198498539080645742e+00
1.675112502556223637e-47 1.611389383609141746e+01
2.908093071943481529e-62 1.307186136013172373e+01
2.023535599896063714e-86 2.387829623780245250e-43
6.765512045190432481e-126 2.525568010528769004e-97
3.420629836666957163e-66 8.115033286815354916e-36
1.559591693140805922e-87 5.042400829439513291e-86
7.475232106251768528e-56 3.448277330214200465e+00
1.157424814442166771e-238 2.663361600673855507e-19
2.184426087849331365e-126 3.461871327951442784e-02
4.869925829016134115e-177 1.590208862159042078e-79
2.577669317302541483e-95 1.982574802595114605e+01
1.112891755499794773e-57 6.960108947787147910e-47
3.761523411854338387e-145 5.775302505854244683e-58
4.119715040026131103e-163 2.611072892740899432e-69
1.933869404454982653e-143 2.885531872214247972e-56
1.920433516580115704e-163 2.867217302423027225e-29
4.319087271717157911e-83 8.478398112528580366e-25
3.752677773842117929e-44 2.185406252067184784e-43
9.846016509074159718e-116 7.398904052877681934e-89
2.598819787295496025e-130 1.464736125971741394e-06
6.012019884400429293e-115 3.365758111352233966e-88
8.290214709195553937e-80 8.351353848997540147e-53
2.886546370865687876e-126 3.902928259897873314e-02
1.473885571041753396e-142 2.427339449917252719e-56
5.081970577611371069e-177 9.701368298689220308e-78
1.554239750612788021e-95 1.103526636045785381e+01
1.683193523270236191e-161 2.049933664394543246e-68
1.754820683785389465e-151 4.985761959491381699e-78
2.510912802736220215e-59 1.348424898908357331e-10
9.476219658429536271e-115 7.522541047799786744e-88
2.413692924841927083e-154 5.368226979651291350e-59
3.725732555351616783e-60 1.158948006203052106e-20
1.167199362789416130e-08 1.645591767820695514e-24
2.508146627943123123e-72 1.059078479111745981e-20
1.395569798686846984e-38 9.177076443720161143e-84
2.149892789034557174e-43 5.843684986315278694e-12
8.841831350915901685e-46 1.110770672819599083e-60
9.229170998351227938e-24 2.850078122927124446e-74
2.717372369803358808e-24 2.090571144217611056e-35
1.602081957845308946e-85 7.558659325817401805e-86
2.625532430085505098e+01 9.663717408460534033e-23
1.501796465436309646e-97 1.831679387987306532e-91
7.396127325223641590e-151 2.294757145276665241e-26
2.503077594621287538e-68 2.405870707007613852e-75
2.212692787640759171e-61 1.598328217910087046e-71
2.819129113906267392e+01 2.467809731703105697e-30
1.920356886442770861e-01 4.912490360858347188e-255
2.417203131502642950e-85 5.960026581821614559e-39
1.692880081153216433e-59 1.151289984668512886e-274
5.543969908484574457e-27 1.555685730648904504e-38
0.000000000000000000e+00 6.530278765739538869e-131
0.000000000000000000e+00 7.668040285395798008e-83
2.146541631555003081e-156 2.863596698226457246e-100
5.961285277345437854e-83 1.415967054158883600e-101
2.129596322360880914e-38 6.136763899679994623e-12
1.362819715674982786e-58 9.280725307132861415e-74
4.724021913592461231e-25 5.607860533947431215e-75
3.920163268106931341e-98 4.267854130489704433e-109
4.035924512673325859e-36 1.793832818187057401e-06
1.182575813744553778e-35 3.482263231234762281e-22
4.857608686849684637e-31 1.799529328258991809e-05
1.667679479423091590e-103 8.957019249362630121e-109
6.469276573956545391e-77 2.491755158642556723e-73
1.483200680528609152e-77 4.820329044407532353e-106
7.130112900364325487e-94 9.748758404676030172e-122
1.485350390751230782e-84 3.460914406441414834e-133
2.135311399613155805e-96 1.637787065350368837e-117
1.995747442558417423e-54 1.194337710638169211e-66
9.373062479496563320e-44 2.239143151412913941e-50
7.136197237114362623e-79 7.410310583173267998e-57
3.243054729959669684e-96 1.868374841014540644e-116
1.037585665648411215e+01 1.380580858360264457e-53
4.479867780855034101e-96 1.442741102665310888e-116
5.950665111741107455e-60 3.106327559294208460e-50
2.046176969352768227e-13 1.481518222652540970e-35
1.238041600816284192e-48 2.738476678546820757e-58
1.225099051128570160e+01 1.448477817746035030e-49
7.572177377642055641e-88 2.013030224701084140e-68
7.671159298948248224e-25 1.777595613230630789e-10
5.268485806277106296e-96 2.014857219942499947e-116
4.404625359446691943e-21 0.000000000000000000e+00
7.402797129457268532e+00 0.000000000000000000e+00
4.718450146412235761e-21 0.000000000000000000e+00
0.000000000000000000e+00 2.711805778935754756e-12
0.000000000000000000e+00 1.578397282230135645e-01
0.000000000000000000e+00 3.844562238984979947e-13
7.614353403934992111e-156 1.874729556258910890e+01
0.000000000000000000e+00 5.505566010666405527e-99
0.000000000000000000e+00 3.441209011281234269e-99
0.000000000000000000e+00 9.478394671902961669e-59
0.000000000000000000e+00 2.243909547249946438e-99
6.536558060838955257e-113 7.431868472586864793e-14
0.000000000000000000e+00 2.958240865232200458e-125
1.060122534133270535e-140 1.505015830502303358e-43
0.000000000000000000e+00 2.318809064212630373e-125
2.403092834736790166e-129 3.524188750761727020e-92
0.000000000000000000e+00 2.169585817113753077e-97
5.875205744943530917e-28 0.000000000000000000e+00
8.854401425581474073e-47 4.463570506757747651e-72
7.085375785999198954e-107 1.497601831833477011e-99
9.408860239931791742e-39 7.440661005464062296e-41
2.123493626497329940e-92 1.065598846898430341e-40
5.859262402085181626e-35 7.218739133424006940e-75
5.485468185160572699e-64 7.341708277903091712e-39
7.677534691922149750e-27 1.446490707526890845e-04
4.107919507608641125e-04 4.491721614502127692e-25
6.741741047975127140e-27 1.520577313062717630e-04
0.000000000000000000e+00 9.100516464579649415e-114
5.217768421975492692e-171 3.959129752312004184e-138
1.318401139311089339e-54 2.369768879429075101e-73
9.352553493122152093e-42 1.985760070523392073e+01
1.173790431533778479e-55 4.073759552487489799e+01
1.510275969588904229e-40 6.279736853374662340e-04
1.039540207417671982e-98 4.890529470738401987e-46
4.493022679503255612e-11 8.328968753304879513e+00
7.032377051369657174e-24 1.252788094489932016e-02
1.792467133271050660e-97 1.273828806268717931e-53
2.537449058350719012e-26 2.503086224848678492e-59
2.898713325877385146e-81 1.490447682410782145e-90
3.059292105942842422e-26 1.364730480396026705e-21
9.757262981230067880e-80 2.262950916257658828e-116
2.767310044976449158e-31 2.306782254978953747e-35
4.386476272129086930e-69 1.270732190316987483e-68
1.567116881202929292e-102 1.269532533433007632e-152
2.997455120350084878e-01 6.041111942360968795e-25
2.101750210395176889e-121 2.373401389021276366e-63
3.983451225339854074e-02 1.127499731326259189e-34
5.399673852477843876e-91 3.044442923611011617e-28
3.816125888667378355e-18 1.015730133610025970e-48
2.318924873059764265e-106 1.585700323029001743e-56
1.817343736571275638e-40 4.829173609114424388e-68
1.076215340181859610e-65 4.258438410885722475e-02
4.881273103632911640e-103 2.415018026116061612e-71
1.432460189076147022e-15 1.321682309855308720e-66
2.335446739803862120e-52 2.710500856119630342e+01
9.012376234158517959e-55 2.203984285346265004e+00
1.495496851155604501e-50 6.051424294310718525e-44
5.922560865465113807e-22 1.194835258542121733e-106
7.244699537696574568e-48 2.297614163394411166e-22
1.803681477835796908e-44 8.260201201338506922e-59
1.755541690458483428e-56 4.527496240582114417e+00
1.269931334459656753e-82 1.666322882485744844e-09
5.647774919215855641e-110 1.978163818821129825e-59
9.962646301908568266e-86 1.738333539724089349e-75
9.869766760108506176e+00 1.805460458629548759e-29
1.038856935990434890e-31 2.933928916434862864e-31
7.950672842049510286e-53 2.640900090767382344e-02
1.044381971342206899e-55 1.827388503515078341e-09
5.062651089498540271e-28 6.625564601644568820e-03
8.399540512089476356e-44 5.213182688178293230e-04
4.120633729509105604e-72 1.398141768383413715e-27
2.587011120666286645e-56 1.604235462869654509e-13
1.713777671209956658e-216 1.342148376107556795e-22
1.891240121617194701e-128 6.449398664593832668e-120
6.051511899671163082e-102 3.439847465506246597e-33
6.100227657779833788e-33 1.466454227730744703e-51
5.177533295948329286e-81 8.704335837241652940e-02
9.400779056978329065e-83 1.474429780241751716e-04
1.528300414056254328e-102 2.369710700784009472e+00
1.008211027692474131e-235 1.834921247179980041e-115
1.030176919503665491e-55 1.344762116799413968e-51
6.645920316668812582e-17 4.809070669178764582e-16
7.657422855408725582e+00 2.385747907272464653e-30
7.478402570171734020e-92 3.308398583442363148e-95
3.143378843844676790e-63 7.000137533765069657e-70
2.125237251917475171e-31 8.098132471790920666e-12
2.499983523156018303e-35 3.337286966227367050e-26
8.825396881602267951e-35 3.971501305192545051e-25
3.609472849093950390e-105 1.163931704443160330e-299
1.286057444017590635e-122 1.069517334049603310e-151
2.847973780594160796e-11 2.406818338841077765e+00
2.721208219559240698e-31 1.967622772008057013e-07
4.676389393704244885e-73 5.282792529758761293e-11
3.247723026676559575e-110 3.623699332495098502e-08
5.193008745370761995e-81 1.507009995378608327e-16
9.186157828079677011e-45 8.670930715349140172e+00
4.402275103730271190e-21 1.611862956307013000e-05
4.153684200459301816e-95 9.692400569182099961e-50
1.132681820231371733e-172 2.623394969433523139e-27
2.086052189105751682e-53 1.341369857107535708e-28
2.105621931102526752e-87 6.357606831639058643e-23
4.320739515419698506e-100 4.822850731854775438e-39
1.804682366965042165e-110 3.670664799398841739e-16
4.463807698417066669e-66 3.208627296386207473e+00
3.510849151227120359e-37 1.584137308825379233e-45
4.460316913529100566e-68 7.593742147893832508e-34
2.533495405709176947e-60 1.084294481525881853e-115
4.306164830846112898e-51 1.421093131530026528e-21
3.621184696765511291e-23 5.223119274893192159e-34
8.415996095486185929e-69 2.359387969635887518e-38
1.441379286065270617e-77 2.590486943518309861e-73
1.671125990797561783e-29 3.392303105702009475e-13
4.145136027369556338e-33 3.910643242524495466e+00
1.652889635715737874e-50 2.118590367949618777e-07
3.336339746134016924e-121 3.700933215033799101e-02
1.820885781648759990e-42 7.171255344175904575e-69
7.895512404631457818e-20 6.461128776549628728e-55
9.113365875749876282e-72 1.633252859872396056e-28
1.313739696215813409e-11 8.112718553559029420e-37
8.022273847109852904e-119 6.007375205286476023e-44
6.263561967909892532e-21 1.521071098851447531e-12
1.541374177853928184e-131 2.696149588077540266e-43
1.799919545923520618e-91 8.528637325651745146e-19
6.745320519664839725e-109 6.467928080741120919e-84
8.998325165570938370e-65 3.413918382111172741e-58
1.411834163407482323e-108 7.689450736675370997e-118
7.543604825580894864e-28 1.136978419326717580e-37
1.342983831918014038e-45 7.666815466157490810e-17
2.123575476302594477e-57 1.510513882617391508e-48
1.045862384428639523e-43 7.794447201900932680e-52
3.086735341157548217e-42 2.436320877468837591e-38
2.373412073923731761e-50 5.148881802596004093e-82
1.535566290115126293e-75 3.647366448938578779e-33
6.819179049683819583e-115 5.693032290688262070e-58
6.584079966592808523e-95 2.139528281070744774e-04
1.216555687612472694e-182 3.659469789547556382e-165
4.305682776916672339e+00 4.819687686938793606e-56
2.503379401902434354e-10 1.140478342248293515e-35
5.990370388310475672e-144 4.984238713662386677e-72
2.207241939149689756e-103 3.556298013169157362e-40
6.504976057313441527e-98 1.366213552453293234e+00
1.169369343057354916e-153 8.107788360864999791e-91
8.945043547912977273e-123 2.426388712098775062e-81
3.725125653787398397e-70 5.169790749469233226e+00
1.173325230662969074e-21 1.819306141702520201e-17
1.378547647637980602e-47 1.599400568095853073e-24
2.327901936237690375e-70 8.370073685790851314e+00
3.398226329255871747e-06 1.124645775327464536e-32
1.158051581131815012e-32 9.245646840101988588e-30
6.777792561418674412e-96 2.384944644218785830e-54
3.131756250939407085e-55 6.077249729934742772e-01
4.678353685690052389e-37 2.884580134136448680e-58
4.121092184297000172e-52 5.826246733349616240e-42
1.384154812693939603e-99 1.648144508131437227e-40
1.802791973267248257e-156 3.656672981965038081e-52
3.416824865306455750e-171 2.797667004374468685e-31
5.677358900573444732e-176 1.202092936905361349e-57
8.025487905089754865e-04 1.327635568325069406e-57
5.687574538552028226e-27 3.463282186803917578e-31
1.126946115451532718e-40 9.608284227050522405e-38
2.965700672051734607e-53 9.453828827816181037e-43
2.334998081043696713e-49 1.332199754349155082e-18
5.065782767396377757e-43 1.500137733108954919e-47
6.316023521806226073e-77 1.258942129215778983e-19
2.976425820488729064e-47 1.338075555725017018e+00
9.188428507989000367e-99 8.178481285472625563e-56
5.069983580239731739e-122 1.753859097128972404e-118
2.064864479125729799e-54 2.665111381519271134e-83
1.313654481894635673e+01 3.815102542797098018e-08
4.165312588929092299e-101 1.289623685353793379e-81
3.373127333967336676e-89 4.050916723670755864e-83
5.051510156387914684e-41 4.825566038841346831e-70
1.434991966447924528e-126 1.177244856035360340e-111
2.829657082088791755e-106 9.563375358238748491e-79
2.313466393400376084e-108 5.469366911965601489e-124
6.835623051933798776e-113 3.082660643403454359e-32
5.990046639976811413e-111 2.482482349484439865e-38
1.202998430449340788e-83 3.651867296407503229e-14
3.225573083231838231e-108 1.143607272684620060e-35
2.618374153243855599e-122 3.346943143363289651e-58
3.923196888736424515e-119 3.834759033598485021e-60
3.163484698700650369e-12 1.146927534780989799e-35
8.963124683913329826e-108 3.139818275633950795e-11
7.503319864136853784e-84 4.532555958959574178e-27
5.397511821165114865e-273 9.183400941375559184e-81
7.734909081556034488e-213 4.512322052255668434e-59
5.558036736035452652e-197 7.634675859013203952e-89
8.500472837297589682e-147 1.104421037322469173e-86
2.144300461820932249e-86 3.222603872409447642e-50
2.021969233629757249e-77 3.806635217725494198e-43
1.336527570436476386e-270 2.184514215233172710e-52
1.083945541120929514e-104 4.842560645465595911e-35
3.874959076032170472e-124 1.914334829500747057e-14
3.085918801726758420e-98 2.952638614293357661e-135
2.087032339484356690e-55 9.625886254802765899e-63
1.750203425036404778e-129 6.692791128145478852e-28
3.469392778146838797e-90 2.236599691258825341e-48
1.140823699045047889e-89 1.643908872893747060e-37
4.930869463240077912e-12 1.132760031897693454e-30
2.317041281359531859e-77 1.089153353617129083e-90
2.454031511155386567e-122 8.026958248375859029e+00
1.021948878360017521e-77 4.403835181557944555e-52
1.135102408992789400e-52 5.973844301994992052e-21
1.783152975225290826e-87 1.124451004949379875e-24
5.643467029595272917e-62 2.935522459088794981e-46
2.227685923742832692e-54 1.426840613822195116e-126
1.640678276718465360e-54 9.260317914789222239e-84
1.559560301252650685e-128 7.252295477567056285e-104
1.231973334114887638e-57 1.651491093006598629e-51
9.036422076810746735e-21 2.003838772366863611e-27
1.487477233887770179e-102 2.044928378597948551e-72
2.943957029164517513e-81 9.926018379996100610e-41
1.384631358719086188e-62 1.047608036017703888e-21
4.724501451374510850e-86 9.818652763771779042e-86
5.771791281489413415e-131 4.719282723181005225e-79
8.698367743484675205e-145 3.300867081618201338e-95
7.666788587893214228e-144 2.937572853080337888e-81
9.046152316834077486e-126 2.212667226207387724e-110
2.911376513739607167e-144 9.408357011738000004e-90
1.087453203231962997e-124 3.854023089728622569e-110
3.150825256859554053e-122 1.300322053368480658e-73
6.588258265448478200e-125 4.772003332893214562e-110
4.753262630705691401e-150 7.729746126558845428e-106
4.365215381096141713e-146 8.077533996559161775e-106
2.484538080439921447e-77 2.028310344992333336e-39
3.135448546461796435e-96 6.394372415466156014e-95
1.389382291229504070e-39 1.669580176863150849e-80
4.805702604468674963e-199 3.269315153963139740e-79
4.413287646636337205e-79 1.805847774498529251e-25
1.331730202428790322e-98 7.836490315256121805e-136
0.000000000000000000e+00 5.344763161324070348e-124
2.429872453537808631e-280 8.218663318582757760e-111
5.407476207769975070e-180 8.152684640676007097e-115
1.139156832258259383e-173 1.272506592530617695e-53
2.486912815650040692e-136 2.197700259712071548e-39
4.021051739713686253e-175 1.179851752061541584e-66
2.875930662677195135e-224 3.407016841034703972e-87
1.393799516747335911e-145 1.429682211574073047e-24
9.253864056360793996e-87 2.030843218906495530e-18
2.269014241670549895e-24 1.044954094788891357e-15
2.499501225949413121e-70 5.479115165702467770e-38
2.910533241625215658e-153 2.378575037815520712e-23
1.356720966517258405e-45 3.180589605056517201e-03
2.952521338511129957e-28 9.721718473184966771e-46
2.583865198146771980e-151 1.716706342501957195e-13
7.409147959076453162e-149 1.100037342918316807e-123
2.450237060505347333e-202 9.596118662341631340e-35
1.175030870243816715e-54 3.164994042276463197e-41
6.017843441856600819e-268 6.183932105283806435e-63
8.489941907310328084e-136 1.122903104453245788e-88
1.892870087141349528e-89 1.075780449572274501e-145
1.569731626473415000e-89 5.935495521390893382e-146
9.486602537266294903e-179 1.728415089813393197e-102
1.589708131650275260e-41 9.613716527005747967e-56
1.123232096831898857e-115 7.772098615969489939e-33
1.405155665250781057e-218 2.487094723115819670e-94
1.062146931666573773e-168 2.072726537900564816e-37
2.923873513401855411e-207 9.112005862349460342e-81
6.016975325640229021e-184 3.238319873736204616e-55
0.000000000000000000e+00 2.040192666894898034e-100
3.588245501973565346e-78 9.454542173717300776e-45
9.473312375933806934e-76 1.619229760978014899e-37
2.272957857363929059e-177 4.607327240133142981e-35
8.925421154059135643e-305 6.404316658675048766e-25
1.775732109619445886e-80 6.599163497167206759e-33
3.468767580804668999e-87 1.070204167115983370e-112
0.000000000000000000e+00 4.819907821071701011e-112
0.000000000000000000e+00 4.090689597672452516e-151
1.235164114603116360e-322 5.587603635815898731e-38
2.275147165062680989e-132 5.085391903464558899e-41
3.339898774597582635e-97 4.710231316089159077e-51
7.735893509437908677e-55 1.519661087968824674e-52
8.118988830174662970e-157 1.610366593044868940e-97
5.854559288777980898e-157 2.686115297826133819e-97
1.293908842865386695e-20 4.425718376451526452e-44
1.643557904781077855e-08 2.909419518696847837e-22
1.614026043849399656e-97 1.451253737679678661e-50
1.308063959435097567e-169 1.419862672382756206e-120
1.302714718752172140e-97 3.052717762786000931e-50
1.181366997329602507e-157 1.084220155915195644e-31
3.914167329190416066e-119 9.471474156067694056e-43
7.249913004618488075e-140 2.700896943997256952e-31
7.732033478333085851e-161 4.781427953884949412e-36
1.392250765517523782e-161 1.799813067873521936e-41
5.523201087318319451e-74 1.315589511814149969e-101
7.066239397628076350e-55 7.506572254559213289e-32
8.576008123511736450e-166 1.945879850635221868e-60
8.854536322342981872e-83 1.965021441781930330e-64
8.947026725154285004e-85 3.557327017244445636e-71
7.624417947591799567e-76 4.610447691893556466e-33
7.206383316378479916e-43 1.505477887476574731e-59
1.407993090632770732e-86 8.993900693136957223e-92
1.469867983406083630e-45 1.503018806925085099e-62
0.000000000000000000e+00 1.146325005763329127e-17
1.417366360664817368e-10 5.866022222255106132e-18
0.000000000000000000e+00 1.530377872075517240e-43
0.000000000000000000e+00 5.151025371547326366e-99
5.446451288750196741e-223 1.660679568013007243e-73
1.612241152917834777e-183 3.236331914192329493e-59
0.000000000000000000e+00 8.318222099842877612e-99
0.000000000000000000e+00 1.690084528501245249e-47
2.426488294206955544e-127 4.024747553405496748e-48
4.324073452837170263e-204 1.069147921243450412e-26
1.841144486629624984e-98 1.810370467030817807e-44
0.000000000000000000e+00 4.164097340741279870e-41
5.639268304576288982e-12 2.234449911828062623e-39
1.539472648297003885e-211 5.399749692253226506e-35
1.910694612492009670e-181 8.198461935268903972e-51
0.000000000000000000e+00 4.104964061213723238e-105
2.934376422744970756e-70 1.575938321386541583e-44
6.773556514547355135e-98 4.899601872475528095e-63
4.397771754758068819e-36 1.123152385545196248e-49
1.829751656015287413e-234 1.843427441929018306e-135
5.545647126664124799e-216 9.603049906198053331e-51
3.632034509404694837e-11 7.164062362406757662e-41
6.301244871479544169e-50 3.134787224761227085e-31
1.800112705658590549e-68 9.109428945733148976e-293
3.601545304704731289e-89 1.212149769623540555e-80
5.166792079942477640e-137 4.035530949516746773e-67
1.264956257156205666e-126 1.289337436583109175e+00
4.830501054727056453e-154 2.213874894107412814e-98
8.023204830976209384e-154 3.640771680883824509e-98
1.481536755235317387e-65 8.863694832438393933e-69
5.168472183969791281e-175 6.443824184155914297e-42
8.455519023364195430e-194 6.567006725296016419e-53
4.249031791618564419e-37 3.609624218642417424e-59
1.591876119645537765e-69 5.380037405783126158e-65
7.171096486293100251e-68 4.115283375333682500e-64
2.414559907935448552e-72 0.000000000000000000e+00
1.737045412821944575e-72 0.000000000000000000e+00
0.000000000000000000e+00 1.074187781780864860e-30
1.625823042685974250e-181 1.340505003719375177e-50
5.731161491758459912e-322 2.251039965216753897e-100
5.186398726333184872e-61 1.539669508169927657e-58
0.000000000000000000e+00 1.023761194411183818e-64
7.210312400450693199e-27 1.542127246927242013e-41
0.000000000000000000e+00 8.821142974818451857e-38
0.000000000000000000e+00 9.278765276111778672e-43
6.069543304629502248e-210 1.833177470884199983e-60
3.401058214095885800e-103 0.000000000000000000e+00
3.800967288287844037e-103 0.000000000000000000e+00
0.000000000000000000e+00 2.759687410919955523e-95
5.032810927543297793e-170 2.847882920374501879e-141
0.000000000000000000e+00 8.166251351364644474e-93
1.930953530843143841e-167 1.225008824584984695e-75
1.056651752245460374e-167 1.111932019574888063e-75
7.190602903305859638e-163 2.017298661303417244e-97
2.714010939732504291e-157 7.130960940381540890e-59
1.068999559296706178e-165 1.745651624279311186e-67
2.306212328799393861e-161 2.709944499029730084e-82
6.926046002419626430e-235 2.197350742399635480e-104
1.816176797238853769e-224 1.444064657025882646e-71
2.187891062731823586e-64 1.334924393060669109e-116
1.287975423509717011e-218 6.885598453630991936e-43
5.838124478623171215e-234 3.503344517330479823e-81
6.728436681698390676e-64 1.174412838160393711e-115
5.493917725026062204e-232 2.315950531563644286e-94
9.701851393727351672e-65 1.137249111019820026e-120
1.110408697496370733e-262 8.291040963080802271e-89
5.246774515025346304e-270 5.062361478844809148e-57
0.000000000000000000e+00 1.178239296070109468e-145
0.000000000000000000e+00 9.347802088098909618e-146
0.000000000000000000e+00 4.767572676803815140e-146
0.000000000000000000e+00 6.411058788236218213e-110
0.000000000000000000e+00 5.920924380034534019e-146
2.835929796917544601e-60 6.367454641749374708e-55
0.000000000000000000e+00 1.083157071677629350e-89
0.000000000000000000e+00 1.486249864292236098e-63
0.000000000000000000e+00 2.326166560412134502e-49
0.000000000000000000e+00 1.139480430117930134e-139
0.000000000000000000e+00 5.151475948707592598e-71
5.072187654527638646e-07 4.337196645676309705e-142
3.569339763001593527e-40 1.718390390030502994e-50
9.898474387035403268e-74 3.305101557442555223e-87
3.623289856013488122e-97 2.220547321741037925e-127
1.092093340931910250e-79 4.638454746236331819e-96
7.588617612971348622e-13 1.692217238828907701e-43
1.546833185250589301e-82 4.431768686842755045e+00
9.318250228839666931e-39 4.887187136602537487e-29
4.625688692321712201e-32 1.402208111664087379e-54
1.278476883024382482e-57 2.213675377842742169e-09
3.141283760312182594e+01 3.247301130452368197e-44
5.654646840520249844e-28 1.664594470439697693e-51
1.613667117623612146e+00 3.371733098990102338e-16
1.249311446471851468e-16 1.103536250541723221e-105
7.224932405977497270e-15 1.511532108858578249e+00
1.541863010444449790e-59 1.378735927523452838e-75
6.332995375717679621e-24 9.755965168970791217e-36
4.082591329562936572e-57 2.141456535597088243e-71
8.432953486227676273e-09 1.112947409842067614e+01
9.674116214934015699e-44 6.052670342634655373e-33
6.168944095093720518e-19 5.569863813379176898e-21
2.920759146820585883e+01 6.381792827156136982e-20
4.876231148171450194e-80 0.000000000000000000e+00
6.088727218734594563e-68 1.889406159350945425e-123
5.004090658584354756e+00 1.440955073343256049e-144
1.031760704304836529e-37 1.544698730355927797e-232
9.615373876924358209e-57 3.872836849085991383e-277
2.757645468148356205e+00 8.034785046137003777e-204
2.344755213958356617e-69 6.768699348025077655e-322
3.226645079466536977e-09 1.323883447068699176e-141
1.542527508062234065e-60 1.845680274761083008e-294
4.340950415599209762e-20 3.139416838780987605e-197
1.825249312636948673e+01 3.043930324149771165e-268
6.361285343751536534e-34 1.896186801414580633e-70
2.823761388557802433e-129 0.000000000000000000e+00
3.354845471272909870e-90 9.628560403412452561e-127
1.185031451530830409e-95 0.000000000000000000e+00
3.409609225162112225e-69 3.799364816519185925e-321
1.687601277816407279e-60 1.303624094014328702e-294
1.206076730249171963e-110 2.714787985467613427e-128
1.968637286615086989e-38 7.931924202008299294e-232
2.744570849594510631e-27 1.589615089778180163e-110
6.345483058166988656e-04 6.435632082123886262e-53
1.682015493651563485e-45 4.118567575470128693e-259
7.977199371055933341e-44 1.618951373727717307e-163
9.451837115671664505e-30 1.362314255974520888e-51
5.309658519952618780e-30 6.822974741856121881e-53
4.524556245804514340e-55 1.344611855688773590e-45
1.724773929734200862e-49 2.390918768029547095e-24
2.800540828923654250e-54 2.796443755952947391e-46
1.569011061770375001e-20 3.471019392357165965e-29
2.737258309046581056e-46 4.792541157254798439e-26
4.505955408965370372e-57 1.897171765371646477e-85
9.724825173640416394e-98 5.301910456541811798e-85
7.257611180163796128e-35 1.169948327094229745e-77
1.639845253058349058e-50 5.674408234606594270e+00
3.634851292438926932e-96 1.731277401143383780e-63
1.017090449423170439e-35 1.287947059055066568e+01
2.732822253880376721e-17 3.779958514159419587e-42
4.744451642173060835e-74 3.552981042887002761e-76
1.048407707525749217e-06 4.857341202067971539e-18
5.207176057686642477e-76 6.301868848424541352e-42
3.105613575790867578e-54 2.740992884918334628e-46
6.312994734133894312e-25 9.340008073774315467e-02
1.269113063276694630e-61 5.562085748777922940e-20
6.782132910204207137e-40 1.090333654828140908e+01
2.186674569844151803e-63 5.878879109350264904e-30
2.100989300463420438e-48 6.053226733827314109e-53
3.012414256394164842e-68 6.145001618589244706e-37
7.624094493229033455e-21 2.113825138116648664e-27
4.693417089581694892e-76 8.706928802006298551e-94
1.139000801982611723e-107 3.445819906745316208e-75
1.096299690439689441e-151 8.225471028015131700e-106
1.317050415062850015e-09 1.957863396900197560e-23
3.964449658932486412e-135 6.882791768770142934e-86
1.989444053044029126e-56 1.058541684676814754e+01
1.034726496889330411e-11 3.016650309374146367e-76
1.250476538926243819e+01 4.386422126744294218e-48
5.086794968432949953e-37 1.723701463198112278e-27
1.417802607932752462e-77 1.704012666697538579e-36
9.251738668849465345e-137 1.603564540456176047e-108
5.728246455535776266e-26 4.344064151252813702e-20
3.132507887194175285e-185 1.571806361196935956e-83
1.473087036340470446e-16 5.003328370779808645e-12
1.804597362652850037e-38 2.235680484889990538e+01
9.324153908392254527e-128 1.843906796237206179e-72
1.843765290616397847e-54 1.499915958700357571e-02
1.450345390475761512e-106 1.656163783055368472e-88
1.819410905853306046e-45 3.032881597055841283e+01
2.439922018079953413e-87 3.423249943849867238e-14
7.546556480520309263e-40 1.808659633887449941e-27
2.505228310299696077e-47 9.254165876546247641e-36
1.093644195651262375e-56 1.147433073170731803e-19
1.441111166573950245e-84 1.279211744333914623e-60
2.116201143157731754e-72 1.292798922496891434e+00
6.818354482504964724e-30 1.110898060226770739e-38
0.000000000000000000e+00 8.006714009545864565e-45
3.838826344780822253e-47 6.088168463578654155e+00
2.011430622354780525e-50 3.038502242545617581e-23
2.227644857111706196e-68 3.760339724872789012e-40
6.026823503191545745e-14 1.800923629312187166e-06
1.666689671615120272e+00 2.820480656249247610e-60
1.174517785494195300e-82 3.757202548615272121e-55
1.690591222639783525e-114 1.429313945688882902e-103
2.825832576523009050e-54 9.783893084741409759e-49
5.617215716408193463e-07 2.564902830321599218e-03
8.570330237427298423e-19 8.032129828970028087e-04
0.000000000000000000e+00 3.482579527979955751e-57
6.231784777495991421e-149 5.143879650541459284e-63
1.388444193099483786e-131 4.333854108347749120e-42
3.414281841119585848e-29 3.529081019691614385e-29
3.644227233486368613e-89 2.304048289085068120e-59
2.028077823792200145e-79 4.244497260912634775e-04
1.125813826045001976e-23 1.390817867435346935e-36
3.217906557044685906e-74 6.364502466022943672e+00
4.938965631257093063e-08 1.818055533690308886e-15
0.000000000000000000e+00 7.011443305889579816e-62
1.184205245266696014e-109 2.075031954867685568e-18
2.860484048576663167e-186 3.071368468245018695e-56
0.000000000000000000e+00 3.675946166485638756e-73
2.562827991652732978e-80 2.085005303237615788e-20
2.633924814823749165e-110 9.327242685802631741e-55
6.830765986602240886e-61 1.165968914443461876e-38
1.009649882128014924e-83 3.490335159578673472e-30
2.007294873348486103e-24 3.324683226151077869e-19
4.188274477093451460e-27 5.098532148808325148e-07
3.517432429328942507e-115 1.080580674326933899e-53
3.595303656066525573e-24 1.034473756897486219e+01
1.836225484614427741e-59 6.308126043574145747e+00
1.308886669354700638e-95 2.320253932105558610e-105
3.073641385179943342e-66 4.548492105167805111e-01
9.390404594062852217e-01 6.651758196626103028e-80
1.532177594603107988e-54 1.897276124971307931e+00
7.706054169960238036e-84 9.061253136109179998e-86
2.161518883735559588e-31 9.107235557088494962e-47
9.460418557304947764e-127 9.484848140585631905e-91
2.106160880559563139e-79 1.377149610430802608e-54
2.839369050414327980e-59 7.264408904905245291e-50
1.650027113675131223e-15 2.024700830196022921e-04
8.057126373223363845e-53 1.487025631375384488e-10
7.133501020717132744e-53 7.316948226770592090e-01
2.314946743686953745e+00 4.197557467870158970e-270
6.471559189531922795e-35 7.319251758908446039e-21
0.000000000000000000e+00 6.617182486164298408e-131
5.385190229788109033e-72 3.638810875721093296e+00
8.895909731572241652e-57 1.938466066055822294e-71
3.217965859512472880e-48 3.265013029643730493e-21
5.994610520962729851e-140 3.262626681778646845e-22
1.670776547452218341e-28 9.110540254291011664e+00
2.577941104811543543e-39 9.327775693717801042e-27
7.107165113033788715e-31 6.277816325305206391e+00
8.153233455734685720e+00 8.918677788500774193e-15
1.268490013972511700e-44 8.077146189661799545e-46
2.535172220346682353e-61 5.114235603760265266e-45
9.337862371543554437e-12 1.457336615032243973e-34
7.037152365095629689e-39 4.679019162909781935e-92
1.220127631440120038e-62 2.975649806767020724e-88
4.359814551229490732e-73 9.027911887087357767e-87
9.679895814287104811e-73 1.741432781788465362e-30
1.459294116654698507e-69 6.492781926454886232e-59
7.899032221651691807e-80 1.452793002855919546e-87
2.353074712438717353e-19 6.859116618926272859e-64
2.408809950948944234e+01 1.047612575951395009e+01
7.716039017983923630e-23 5.521224584667788380e-62
9.193147280274455689e-49 0.000000000000000000e+00
9.318467178148248209e+00 6.913201835812188363e-55
2.377051591743721559e+01 1.141547199140843714e-131
1.068255822935158358e-56 6.532939086221265541e-41
3.199780992362708168e-76 6.434365610677791461e-122
1.385824596479687418e-43 1.360999453376105857e-35
0.000000000000000000e+00 2.705416051029431834e+00
0.000000000000000000e+00 5.132159577772829273e+00
3.212325139799290871e-86 9.075884234810996598e-57
1.062543413010306978e-196 1.322940823766460432e-20
0.000000000000000000e+00 5.718177871697568027e-125
6.453311727290680432e-101 5.968786909086551835e-35
6.649607511920573927e-175 4.146103237883493072e-32
0.000000000000000000e+00 3.490630838046322780e-99
0.000000000000000000e+00 3.708117317315279762e-125
8.117780167608963952e-28 0.000000000000000000e+00
3.543952033811116993e-96 1.610892708908912600e-51
8.011585774206415013e-46 3.719394933080266613e-73
8.674888346578015306e-51 1.890561528498400697e-48
6.296067718627930329e-85 6.221859506894328318e-59
1.064255528804338448e-20 4.141841915941402269e-122
8.763432858555475859e-91 1.688989666354751494e-130
2.116652505319585151e-64 2.352372477751102812e-56
2.330839236421784664e-41 5.177994412107456191e-53
9.602048717186695628e-03 4.773420048940776212e-62
2.238234909744261303e-104 1.303602642539370327e-82
6.767431726863785067e-101 3.832239071337381398e-84
2.191021905342393620e-12 4.566796938590870879e-191
1.145075903069068960e-37 5.858071842463310743e-72
8.384766767354297984e-81 4.466640978267324301e-131
6.016123444344456292e-51 4.471649182012560895e-98
5.709507801113407812e-123 0.000000000000000000e+00
3.555625006536527621e-68 1.367424853083588600e-71
1.466370302312131779e-80 3.299942357430722987e-79
8.742453136813314536e-44 2.696517510328464686e-55
4.204758751829525294e-22 1.046826035990217640e+01
1.284868124146556021e-53 1.481706635454288444e-20
1.067390177793619419e-90 3.343779537517910829e-33
5.679321020106561660e-54 5.746906373032091564e-02
4.071206895311345199e-124 9.540762831246212876e-84
2.556661732327372718e-14 5.106211898780763752e-65
7.117101849404084520e-12 1.565651724046409135e-04
1.013052187953950956e-84 2.448897946904488122e-42
1.563495619122619823e-48 5.136136381718769460e-40
1.425249221746327215e-88 1.525286172504371563e-63
9.083626739034057356e-143 7.992302261702122038e-86
3.144891926033762530e+01 1.905374886048654760e-36
1.112631331381564282e-100 2.231448818598400671e-48
3.531990132808810957e-88 6.260841114918166477e-42
7.029891059330836038e-153 3.306047848834629442e-93
3.754695289693569331e-165 6.450330820743216046e-115
2.235217324309024332e-75 1.216248915040217138e-69
2.729751715159499202e-174 2.604572274369750802e-117
7.672067266514173607e-93 6.099987720251220041e-74
1.614563683649838896e-35 6.600713837446462229e+00
5.904452238516124492e-53 1.821499014744079102e-24
4.443748884738708756e-93 2.099188935027605891e-57
6.030494703597158599e-27 3.960128037389532637e-28
7.929461544920876548e-110 1.575251966251005546e-70
4.017215094310519966e-73 8.219929310261761546e-03
4.339339747533295519e-75 6.298919124742444596e-12
6.785851801744736256e-39 1.419172811191790415e-20
6.714833699295799146e-67 3.392300048751915571e-32
1.548262110925777304e-49 3.770165033578547346e-53
1.019972953340090088e-50 3.471614646073098442e-01
9.161910627692171388e-108 4.801444703924584981e-43
1.013947676449158266e-69 2.484821585612615365e-18
2.965654792355995321e-69 2.995069079522884780e-38
3.198840865770499611e-46 1.400443348485147738e-31
2.117497461767758335e-225 9.372757992730926309e-25
0.000000000000000000e+00 4.333059929051920297e-63
1.457810667204615853e-137 6.111326074868912264e-99
0.000000000000000000e+00 1.252758994950329633e-89
4.031827774827544103e-145 9.234692813637906017e-69
3.872328618344221409e-115 1.102638760154788740e-33
8.727718759869647501e-128 6.466726049190968136e-42
1.391101142162424693e-91 2.233376566470301864e-11
2.919831517996553707e-96 2.819071493336575846e-38
1.826207810224874558e-66 1.320778559317251244e-24
1.825808417871248015e-87 6.634184439767215522e-35
3.908137747605870321e-131 4.061187931571487465e-119
5.616914243121935559e-35 1.866430619207689935e-20
2.536862366097229272e-131 4.012332904479323733e-119
1.945554174817534807e-117 2.746742976151229081e-116
8.455661398981995781e-33 7.484129239138692355e-11
1.280014368063539736e-101 1.788633800958954336e-26
1.672218348095837868e-194 2.259067720475036385e-81
2.258847203575578542e-200 1.908308566376440530e-81
9.798942554543334606e-32 2.023591799672331942e-57
4.984992486949120205e-112 3.250579933714312642e-117
5.679738180183161677e-73 0.000000000000000000e+00
1.630902400319671097e-125 2.425546583924107005e-20
0.000000000000000000e+00 2.912464001581262873e-105
0.000000000000000000e+00 3.140200439207832708e-134
0.000000000000000000e+00 6.317246112908843224e-134
8.229669403670061426e-66 3.665321542941378574e+00
6.124145585950412647e-22 1.434489414056784984e+00
1.804891563164713730e+01 1.459903424315903292e-36
4.933446564389993107e-29 5.919666105541922267e-27
1.249592408030999738e-54 1.294606213500695476e-44
8.829304359294850229e-54 1.319705435706076393e-54
3.022419305152346890e-56 9.043534381090600620e-75
6.705542780472324388e-49 1.539161241689506353e-61
2.207555279305699327e-42 1.620796306654564432e-77
1.291772826783866965e-61 6.858770796197520241e-261
1.030560676083963321e-14 5.516517237190687150e-111
5.061203667299398491e-160 1.363112032605538704e-91
5.702796820092037059e-68 4.635058716531990345e-66
3.944906018007349559e-22 1.778762142147462419e-39
6.757527833696809506e-101 4.449331671252349866e-112
3.880736617233821900e-136 2.066460020869411605e-35
7.839445238646840577e-03 5.940235809899459601e-56
5.860477996210852494e-73 1.254148208928423390e-10
2.267866362089345095e-87 6.386887586030342245e-85
7.007732256764875181e-161 3.762018845752315569e-95
3.634379121890202423e-133 6.872172212273237426e-69
3.804747020318683060e+00 4.080675722904165264e-61
2.641802170799309215e-99 3.514144731333370214e-41
1.080071168648689841e-80 4.382334579440400716e-51
1.451750296147329019e-83 3.826879281397923677e-08
2.565706208173040558e-50 9.530818641847240502e-60
0.000000000000000000e+00 1.390121950889841832e-88
2.570659919743383574e-232 1.233052367358056730e-107
0.000000000000000000e+00 1.327715418763331056e-76
9.640521666497677114e-218 5.263254460702870158e-26
4.745184983020623061e-46 1.811057516963657416e-32
7.653842774756491450e-81 1.128772620139515759e+01
9.760799096390718029e-66 1.453984615821770849e-50
1.260387189079123681e-115 2.156538947722387079e-84
1.381161689924220338e-94 5.505624824989862488e-23
4.777061690345519314e-215 9.276659215799783874e-73
3.334886349171830992e-107 4.597796224476904365e-22
2.859737496030559476e-92 3.150528441571003931e-12
7.628052463262410932e+00 1.002910366262013794e-41
1.331131772989866415e-60 9.915908078601259648e-60
6.138630451594010479e-30 4.514127400246645011e-39
1.087141648891022627e-64 9.179619349274515561e-46
3.976088792763752207e-123 4.281780905861042834e-113
7.364933842489419706e-59 2.530971050085086236e-76
2.377473579317591600e-23 7.233705261970392320e-01
3.523026513900538074e-68 5.740447800264319733e-94
4.274337911921946556e-40 2.253983547338736404e+00
7.639110573266964897e-120 9.655178348385579356e-37
5.408474137460106462e-105 3.777706506320599496e-43
7.799324095534899508e-119 1.113249724832459304e-35
6.365059431185378607e-58 1.666825377040995120e-24
1.254437818164398402e-68 4.352211268121363654e-30
1.245586919061624111e-64 1.667330645684970348e-54
1.956964011272523703e-67 5.410454520773544434e-80
5.336309556228223420e-82 3.348267381093245114e-73
5.390347929808083308e-150 7.635436939854735395e-176
2.730831987260479721e-35 3.797355119189737144e-43
2.276559857769763483e-31 1.619293110860523672e-35
5.550370485742421578e-44 4.311441549705680389e-59
1.095856328402707869e-60 2.764298284951514311e-34
8.830718259724052268e-33 1.519249016080671605e-80
1.162465274751824866e-27 6.379554811488977184e-02
3.517312570702096146e-43 1.392928253423930102e-29
3.659939815270146365e-76 1.259830458389542020e-90
6.403515287801675701e-45 3.924696072675889633e-75
1.409383753572249673e-20 1.902194362452538063e-43
2.659132165237075945e-52 6.253347443297696888e-90
2.262054934421028240e-55 2.389426502994625829e-44
7.841604258528752729e-126 2.145398977826305622e-44
1.561424570613995045e-55 2.155002215586427936e-20
4.791137446071825867e-53 7.849068116614855484e+00
7.116227632044491146e-97 6.161566698943524789e-27
1.686963408775216999e+00 5.235302535593819193e-19
4.448396425083299924e-63 7.462596503856715373e-61
2.169083752888882158e-165 1.679187167156073178e-101
8.937618842634362874e-90 4.110877466515895814e-50
8.570595889803782895e-55 3.509099939618664288e-26
1.504583860432053116e-129 4.470441617084017921e-61
5.448872207900246929e-47 5.114822483321725132e-27
6.036636502335030471e-66 2.522649784645147886e+00
2.454270108984618756e-19 6.837890746836390034e-75
1.201448794156862473e-21 1.005662435882933713e-36
2.020156355439394005e-48 1.229448143052555869e-17
2.622447428323308212e-83 3.405360661712785174e-54
4.866643981791828723e-76 4.910228434111271956e-05
2.438366134538884900e-78 3.080600550438260115e-27
1.521517563287302023e-132 1.404707787828765764e-127
9.640454106872836358e-137 2.211662883390246607e-71
4.237465877226407955e-102 4.638473450536985239e-20
6.715407050023371341e-54 4.918457659642015546e-13
2.061605152377307494e-23 2.237073238162580055e-60
2.658927145859990778e-105 1.626960210428566931e-100
2.839671702951049372e-82 7.349538358621569698e-112
1.913471824328926754e-22 5.451871688205422787e-18
1.970173129321359637e-42 5.551797379328984264e-04
5.727569228208126170e-47 1.097114213271506777e+01
6.438344958801601159e-81 3.366592272071764587e-68
1.845837098801312225e-53 6.475680948586969671e-45
3.002520722070034962e-47 4.812695541077787397e-07
1.972801426613900844e-32 5.473096142531292439e-64
7.955491732776677130e-42 3.235248322612314473e-09
3.652855545826655859e-75 1.076332357520827615e-245
2.286898357716590624e+01 2.577703215440547858e-42
1.656224213093400324e-64 9.201166875385966209e-63
1.328190096406643998e-36 6.322209258511262866e-07
2.499157371678027022e-40 4.122056931163817265e-13
1.641522368376535297e-58 2.427893915097541702e-09
1.001442040585529072e-63 9.885653336898414523e+00
4.506756265430141862e-71 5.396117233313835604e-42
6.530938909384074537e-108 4.141065727520540079e-23
3.029888840059957347e-120 3.018299147627936841e-60
1.837559101623274616e-90 3.055700959426890643e-11
4.641136977367224029e-24 1.344267232113076059e-23
2.415991503549675951e-97 1.129315059926037678e-38
2.044095496150139690e-51 9.984585850160225172e-53
7.488448818468029752e-92 2.034219248393571957e-20
7.912352208105284214e-138 4.241000943292271999e-67
6.684454712039987518e-36 1.616531840008376637e-53
3.930409118905482092e-84 4.105579261410621475e-49
9.139098004802242412e-105 3.028659894727376999e-22
8.568632202973509859e-02 1.028896301045374814e-25
8.346217443939703347e-76 4.065528807271230516e-64
1.002772631805417976e-25 8.664464547608828253e-95
1.493977969818082630e-37 9.015549857814806411e-12
3.789652216221531471e-122 6.976751061027280320e-36
3.882129720698169714e-45 3.011107098467602948e-24
7.662886291248420194e-92 8.476883590838172376e-29
6.737867190552431075e-93 5.972869013322327597e-98
1.510156057244961571e-62 6.803187992718721436e-45
3.717602790984613352e-112 2.948895325464200721e-110
5.356398425783448092e-66 6.821835392086260336e-70
4.591750894384843656e-16 5.780502840729266945e-12
1.208534752733389223e-34 1.524315333378988058e+01
2.849984140951610977e-34 2.976442975253432178e-28
1.933997834176621408e-56 3.270049522648922346e-43
6.295743786782534717e-106 6.901624781602353709e-87
7.758494587790530504e-127 3.617422716021492017e-101
5.002478482987759564e-138 6.059714386539193221e-77
6.533717925486111521e-09 6.257763035502041929e-24
1.365217142296262208e-182 1.331275004346021062e-110
1.245864378605397842e-98 8.617782169099513426e-20
4.737778275496781632e-33 4.436935759711086995e-22
2.108112458641012116e-84 9.508658766979607435e-01
5.285977088566356473e-77 1.950822670309129859e-35
3.877952045990250776e-85 5.502798117185774138e-07
9.760981722289165207e-94 1.112938629308425554e-68
7.366606517306183419e-118 7.097382994238297164e-81
1.354768951451954561e-109 4.927018473609482641e+00
1.431107269710385718e-108 1.164966946573861574e-22
2.524869579830839726e-81 7.911685116425558328e-03
7.314652929569169516e-37 1.995338166363532859e-30
5.000154932370798151e-155 1.141864666938278641e-04
2.207875867330805488e-141 2.757616222907550151e-103
5.299683546949463304e-101 3.306011627477048832e-42
7.021192286450063964e-77 8.141166658731267622e-19
1.518715298049665413e-38 1.544316173948297362e-28
1.407382212866162137e-110 1.024902045435171086e-85
5.886843121221491320e-75 3.186035803765228663e-33
3.740775676439294552e-110 4.954252631845086036e-43
5.394299950003685275e-08 2.152967564212883953e-09
1.627960335213785895e-74 6.767298083727097111e-13
4.248054278522375391e-141 4.572424804204348885e-58
8.633135548968289607e-204 1.180196997063016807e-27
4.361127878972360663e-136 7.071606614156398438e-64
2.311339156297856653e-126 7.187869742802118313e-05
3.589095637487949200e-164 1.699684698659630393e-92
4.683256238625953749e+00 2.266717797955542606e-18
2.500194389218981698e-177 7.162888163261487512e-108
1.803586281989633914e-113 2.730561385485673901e-62
1.113065970641419823e-37 1.036078883029083342e-47
1.056574517581075422e-32 4.134922371182619317e-37
2.632394242487431133e-139 1.911960496161736085e-36
3.721574046919056578e+00 4.480391114842520027e-14
1.544614291298862165e-137 2.850399013120357949e-19
2.042552354728256177e-79 5.310288858721970762e+00
3.285152577614608031e-86 3.745857600585207192e-31
3.134324367057875763e-123 2.704006359129708712e-64
4.658183196623594077e-250 2.443863120070675939e-149
1.529044354320818155e-83 2.021260776222571297e-16
2.995647336004417439e-155 4.759898187011016982e-35
9.877537910177071440e-10 7.207514342819301974e-09
2.105386307142283044e-46 3.280473145386025310e-34
0.000000000000000000e+00 2.445643251353976232e-54
0.000000000000000000e+00 1.201765396289610313e-63
0.000000000000000000e+00 1.920811234729401277e-116
0.000000000000000000e+00 2.095842059015711162e-10
1.451697318521822231e-266 2.935340346312333884e-40
7.091851456004097134e-106 6.258489379231612257e-109
3.632167086493744386e-158 1.219754374543663822e+01
2.558470667871512403e-113 1.114882045730310597e-30
1.439553796589778523e-13 1.356927931178202035e-22
0.000000000000000000e+00 8.536340705920346676e-129
1.522857236139288462e-75 2.564013468904123866e-29
2.328987010220454832e-60 8.897759118638669008e-23
7.674840955525956976e-152 2.199387153726749004e-102
2.240724291091081161e-128 1.343019236710072418e-56
0.000000000000000000e+00 4.701830241230338004e-160
3.409666926192848639e-31 8.839267995971735953e-70
2.018549019086135737e-82 5.223771501573513524e-39
2.267681449213368896e-97 3.115815731512630355e-38
6.872525249730342772e-116 8.937053111007071170e-59
1.723426077986989344e-132 1.802977272607773958e-19
9.049110788460332941e-105 2.632662661867418161e-51
7.756483065481227765e-81 6.387682786699099349e-32
1.014840362353665693e-47 1.087720648180341184e-17
7.152732352824580666e-14 6.290901831578125307e-40
1.082535608711456135e-98 7.654158602158799855e-18
3.131844765758281839e-160 5.768223753857615500e-56
3.399666012419768211e-107 8.613319508745701018e-38
5.882512815250196769e-129 1.375464437768610878e-47
2.440771317906823908e-35 4.562435731756718862e-32
8.153046333828942335e-156 1.051401125532590104e-75
2.339045337294331834e-41 4.691936328272433954e-44
2.401639033625302943e-126 1.277513513106084615e-40
3.118036541300684285e-49 9.707133119775579764e-120
2.639612322171473147e-49 9.729529716176305397e-120
2.010101068681504695e-14 2.875454395432896596e-199
7.478442700057208966e-45 1.368021766065210898e-184
1.939376259316341122e-83 3.187331035516807248e-75
3.879655168090627901e-106 4.403325831281402788e-27
1.877585924376429477e-44 6.205955161349119214e-61
1.317310951186062847e-203 1.659721419440227986e-83
2.055390597457514253e-67 3.004811468135646616e-46
1.266381112745252870e-218 2.083485596541250882e-94
2.283113581520823559e-143 2.829714788856291540e-20
2.574731815699129237e-81 5.675107983739152630e-82
0.000000000000000000e+00 1.698880968829914824e-99
0.000000000000000000e+00 4.756672042329527961e-87
7.795001116408435915e-82 5.088377005615877893e-45
0.000000000000000000e+00 3.717076758267399405e-149
1.056737919754408803e-87 1.539633876667447689e-106
0.000000000000000000e+00 6.469709816127897397e-100
0.000000000000000000e+00 5.523083752555243645e-149
0.000000000000000000e+00 4.275322410205295666e-11
0.000000000000000000e+00 6.296392269832147055e-119
0.000000000000000000e+00 3.628563251938525480e-149
4.999257815022590397e-99 5.184420618894496173e-84
1.129805976765226842e-76 1.960112178666316121e-84
1.412469756172832411e-52 1.310127876000158185e-76
1.620234323881930096e-16 5.883693540660672224e-54
2.766627196418286691e-20 5.750400986778422130e-51
1.348773792481922539e-80 2.183970397545757289e-40
6.274720051099050127e-76 4.517803344594189592e-34
7.475031021292156132e-12 2.636376151621945340e-23
6.913736202325248215e+00 3.472200940753392415e-65
2.025292661945776806e-175 1.215327806933534623e-31
4.091236843251484822e-110 1.450112048835266154e-18
1.598856930138603736e-122 7.024022116671747039e-44
4.315678004448706827e-184 5.792530590814647162e+00
1.467373102889633301e-101 2.627375330556023009e-14
6.027252334621866564e-273 1.810455096592621105e-55
2.411137385021415633e-258 1.621520623007207764e-50
0.000000000000000000e+00 3.825396542713710194e-137
2.010333773667295033e-272 3.814944267190252345e-73
8.600234343840370521e-309 1.892871056297723190e-107
3.275583307951555266e-129 2.243719836748523105e-21
4.208851793643687943e-269 3.350347495372863401e-49
4.833375191603761568e-272 1.667856708066437260e-73
1.824059668751263432e-307 1.144760906408078831e-09
1.152754942451878524e-42 1.074390023689152453e-46
4.382182498600200397e-307 1.368907174410244358e-101
5.146094545618366928e-290 2.444081751634147939e-21
3.909517268216111045e-246 4.580257289450625133e-13
3.188858385889781878e-86 2.523603366319130478e-89
1.218154715956137456e-207 5.871722648318600107e-23
0.000000000000000000e+00 1.579443506401677661e-25
2.614937972073187555e-118 2.677902676458276149e-10
3.041962181444554972e-320 6.142940085310162964e-77
1.534864927588014607e-105 4.294960900700758613e-30
9.227459717651420517e-65 4.597025538139119733e-47
4.018042089358546319e-83 2.502535726210821836e-57
0.000000000000000000e+00 6.083089942619777738e-127
0.000000000000000000e+00 1.219051653811940065e-101
3.706453392044368318e-22 8.194258567455128411e-62
2.115439826728256045e-30 2.509180493872580755e-12
8.883910969440705518e-21 2.460286987410104350e-29
6.937448321246266366e-52 2.939918377784528387e-56
7.951491477110662387e-155 2.232875710796640339e-79
8.358688109650647522e-55 1.322778728961844964e-66
3.476676098032177779e-55 1.521265513973820578e-60
1.682826362553530834e-154 7.670057396696472950e-96
2.591298493458787095e-146 1.477141985013690865e-65
1.379916257388243913e-96 0.000000000000000000e+00
2.715629083655607219e-58 3.436015761599376583e-47
0.000000000000000000e+00 5.524128743944470070e-144
0.000000000000000000e+00 6.733094642335518859e-135
1.048880539386841253e-157 2.185698769567689619e-51
1.534974525258064369e-93 1.277619866304083014e-22
4.807321084922492444e-155 1.985783223065405653e-56
7.651070478354948613e-114 7.939342926699547294e-23
2.916983643752230393e-165 5.232049536337504746e-91
3.812958427469549979e-118 2.465117013000454846e-42
5.387455618624798535e-61 9.164099130110840072e-255
1.990021139828810633e-55 2.499782560119631756e-50
1.552165734817170395e-61 4.088853553257080898e-254
3.566680878562479769e-165 1.346123144704574067e-59
3.173383772368039306e-85 2.777748892980598362e-23
1.943131847763362285e-58 1.459781144590944787e-17
4.317973572048501547e-22 4.846854576365197037e-52
4.544535841307447551e-10 3.435596180096996513e-24
9.195825103273357250e-79 2.396373765596524122e-38
4.410685309516641893e-42 8.745139748282494560e-33
5.859817223450193478e-81 1.860528503095738269e-89
1.785444683325080613e-272 6.316580957788032567e-12
0.000000000000000000e+00 1.674805006966593459e-98
0.000000000000000000e+00 2.394395204995552274e-100
0.000000000000000000e+00 6.237473817322552767e-101
0.000000000000000000e+00 7.498065625926756521e-74
0.000000000000000000e+00 1.427761557413690039e-76
0.000000000000000000e+00 1.506131547691174233e-61
8.508017401203068802e-69 5.034777815904941346e-62
2.731776791582774231e-214 5.429781898327395151e-34
0.000000000000000000e+00 4.386049880087085216e-66
6.842671297792143315e-122 1.167997736511557626e-32
1.049364307489024452e-125 3.036715456500812781e-28
3.008635955557196962e-165 7.305174315265585991e-98
9.079241350809163800e-212 3.921609674815161589e-50
1.179569104194716718e-164 1.548999712932569249e-84
2.672051422817582781e-33 4.506823439007265690e-56
1.409327757981432206e-61 2.471680530807247982e-61
3.068014437317079205e-279 1.115647394313677394e-70
3.818649783361190901e-158 8.809368362293994482e-71
1.741231249488411227e-228 4.938340679377534835e-81
3.016622878225446181e-123 2.010004451457816167e-41
6.009654293408657573e-104 0.000000000000000000e+00
2.377651522749421404e-50 2.815167978667420966e-117
2.487758638402179123e-37 1.818807460585471238e-67
2.131943776694884461e-131 2.083073980969268294e-52
3.848590681869230511e-24 5.874443464797744754e-26
2.921542578988783028e-116 4.401452170252586222e-44
4.733099804631393542e-57 7.120835288467181446e-55
3.927637494226409955e-164 1.615853761692614385e-68
2.834340563103773870e-51 2.839399870132392412e-87
9.018027014811460491e-67 1.759280885115550288e-57
6.162639627428450979e-133 6.754842423005031696e-42
1.647797039517117525e-106 0.000000000000000000e+00
9.649290154580338988e-76 0.000000000000000000e+00
9.637305772491122567e-76 0.000000000000000000e+00
6.574627342379996152e-195 2.649111840009144497e-73
1.316360690484528998e-163 2.624680917553731290e-48
5.255599771905169533e-178 1.194457992914188674e-66
6.568074423877201665e-177 3.629432084277412201e-40
1.182988216079358242e-192 2.016637765842982719e-65
2.579857567584058591e-159 1.295639063406349711e-45
6.620257310227097850e-35 1.120545162331215942e-33
3.995618498329755696e-68 2.465476535675294934e-63
6.784794030239630381e-70 1.614353946771893779e-67
1.093605176211683987e-33 5.439645817154485644e-35
2.423957890097588219e-37 4.914696070770566728e-64
1.780316848415100385e-35 6.962225327752479672e-35
8.793646202007053040e-278 4.642539477861025652e-107
5.228664031455257297e-234 2.971374997736609974e-49
2.337706415574171151e-152 2.135071631737510264e-51
0.000000000000000000e+00 1.022885928854202104e-108
0.000000000000000000e+00 2.544620352719176248e-146
3.104812149419321118e-60 8.843239801362560498e-58
0.000000000000000000e+00 2.165521923363477006e-116
0.000000000000000000e+00 8.662899132184158007e-116
0.000000000000000000e+00 1.804578778864855595e-84
5.868494940658987539e-60 1.498079713208607732e-60
0.000000000000000000e+00 4.135365595630191060e-55
8.270234568571964221e-152 1.017266937634534053e-64
0.000000000000000000e+00 9.091254339597426395e-41
9.984066554989337660e-314 6.508780113118113458e-82
0.000000000000000000e+00 2.211384021329582090e-36
0.000000000000000000e+00 2.218310471201738379e-43
0.000000000000000000e+00 3.201241974582191444e-66
3.015588667272340789e-148 3.638733610100226108e-13
2.530688958224745866e-185 5.628340406861243698e-85
5.804609901696161760e-161 4.335130265912339967e-89
1.412377701445661241e-99 8.365854844873887769e-87
2.362456197607584929e-150 5.805572585587950768e-43
0.000000000000000000e+00 1.184747112341239294e-41
7.889318937205093876e-26 3.444039810326432985e-10
7.579799292725406860e-163 2.031942541878385834e-53
0.000000000000000000e+00 3.609358786246040223e-12
1.041569710060864377e-153 1.315352012463115270e-76
0.000000000000000000e+00 2.940333251663668543e-113
2.469772078555808651e-62 2.598261690014518957e-92
1.907802921723625176e-165 6.228724820238748320e-67
5.321373498330864057e-166 6.553955345585648923e-66
4.181850210964866707e-159 1.103045476366412367e-65
2.724614514827277982e-59 1.841218785264653654e-84
2.785014090268268219e-57 2.901870795870984086e-51
2.086772692047164751e-27 4.832782094969110371e-55
1.010235617184555192e-105 0.000000000000000000e+00
2.008100165924820016e-231 8.622269777794823010e-90
2.893799301060766419e-63 3.516034859627621985e-94
4.692043061388939895e-61 9.169956201555687583e-53
4.985438408315946505e-97 1.301819858478742044e-68
2.696667645955189684e-61 1.554033023238352605e-77
2.307709478409649149e-27 1.516082270122483524e-39
5.250925024376080224e-62 1.731671432823717591e-77
4.480482974749121132e-61 1.508366316734439382e-77
1.481748956939968897e-272 9.886592334959361510e-81
6.292858086124687435e-196 6.125163092628285996e-74
3.369350268319690303e-267 9.350368975738819764e-63
2.787165904440598155e-268 4.597882498760535526e-55
2.294131341088072600e-271 7.260971143197955157e-91
0.000000000000000000e+00 1.494518927747557086e-145
0.000000000000000000e+00 1.413730279555877799e-145
0.000000000000000000e+00 1.031268234628868202e-145
0.000000000000000000e+00 9.005641567814601267e-146
1.913095377722235991e-217 8.411240200807176740e-94
0.000000000000000000e+00 4.248141380214478807e-58
1.059973435597105839e-59 3.159951491858609060e-46
1.864208423707272594e-59 4.408952752473623284e-47
0.000000000000000000e+00 1.285741715235601760e-72
0.000000000000000000e+00 8.756660504011761535e-107
0.000000000000000000e+00 3.389721257197646217e-71
0.000000000000000000e+00 5.444338725716028316e-81
