6.277378587969166812e-01 3.754530368779644499e-18
1.509713344033098854e-72 7.435263502676987571e-68
2.492992661332464523e-141 1.815378602801636018e-134
3.072115990881054633e-96 1.506738891957845178e-59
1.672381695699679468e-21 1.896214458066155902e-06
2.162503609607046802e-17 4.514693867116403858e-01
3.426430598590378906e+00 5.225903534709773885e-58
1.024895241144300426e-10 1.484822523608884670e-01
7.100520465913592481e-41 2.269520528214975818e-56
3.893894449931083365e-50 1.573762537612733992e+00
1.097568443483429624e-45 9.120960976090150121e-44
5.967448364692714335e+00 2.326528325365067825e-19
1.508914807738087488e-58 5.765274867600002416e-54
1.686684960241345495e-45 3.090255461473521431e-45
9.400985189949851603e-116 3.214732601285794992e-109
1.734676932018913709e+00 1.490040851102033366e-48
4.787738862974978659e-93 2.047293246550244067e-55
9.272184325913227252e-33 7.063882951050690606e-08
7.970074317165358327e-05 3.209361298753570196e-13
5.965986579685342406e+00 2.560509360689812255e-07
8.532041046069674512e-39 7.704721750300473874e-13
2.531526023978183875e-26 5.550160853804452898e+00
2.567323519445903826e-02 9.547028750351516102e-01
1.217902594857271491e-96 5.073415618779726981e-69
4.393015408043233301e-100 4.139702142064257157e-76
6.868398973169488705e-40 1.924869372021489111e+00
5.301272719620944765e-59 2.846226727586127936e+00
1.199151722259709532e-66 3.875564629744423950e+00
4.584397040367133911e-39 2.150854965143070596e-40
1.769059380992290987e-102 1.210224089856498930e-01
1.538129752045101272e-24 8.495744361028950697e-01
1.972877157283785844e-83 3.583083640704618718e-16
6.671510246091123068e-30 2.021966587523526204e+00
4.429644975474865486e-163 9.799164892696454952e-100
8.929604351060145044e-102 1.178683217003610867e-01
6.112241663069020405e-19 2.188116910026177475e+00
4.165075710142849939e-23 5.994900852443250550e+00
5.696319528588668097e-04 1.856236272869641793e-23
3.950915036791812831e-42 5.384977248406569217e+00
5.968716175263906902e-83 4.928392048122096948e-50
1.662963688230319830e-117 8.694045385893583407e-51
2.394224822130593820e-87 4.967834110604745628e-31
2.970708898139054810e+00 1.484747998574083789e-54
5.823349227280304641e-46 5.045315487978020208e+00
2.511180511668548374e-131 6.900021972052860739e-120
1.024721845454712157e-52 2.426345081144108317e-29
1.536156604865766440e+00 2.069590548781833626e-08
4.617889932923450213e-109 2.234327004847388167e-93
1.793348554770146801e-97 4.171977469092642200e-58
8.541958762518450404e-22 8.025753093981496278e+00
1.593019997948328575e-51 1.774712245950932077e-01
3.165550542211050185e-54 1.894053583780652104e-75
3.984218023494729663e-05 2.398456383967698171e-30
3.696678368469663578e-02 2.293432301886035305e-53
1.806480633929487296e-51 3.616359248733886653e-55
9.017940944638564255e-99 4.541278163957214480e-54
7.041809526671804501e-18 4.915415288480502904e-34
3.194019842121729978e-80 1.069028271573410167e-21
2.161805804966881983e-45 1.094887242480509926e+01
1.360638413611412129e-124 9.144625437308513682e-02
0.000000000000000000e+00 2.551096370918382386e-02
0.000000000000000000e+00 2.452499624667937861e-02
0.000000000000000000e+00 2.559714599525385326e-02
0.000000000000000000e+00 2.563110279595499919e-02
0.000000000000000000e+00 2.362718015163411608e-02
0.000000000000000000e+00 2.556605338950432640e-02
0.000000000000000000e+00 2.495315027779239705e-02
9.225144613919631173e-59 2.543214711491450111e-14
1.532520255382456066e-47 2.390255412880878949e-02
6.748642231553004465e-84 1.176636866200155673e-65
1.585866839014444605e-56 1.182331950755953542e+00
1.387005404808732401e+01 7.686254904024823081e-16
3.274944433691721811e-71 1.430533800238529940e-67
2.086101052322313934e-52 2.352443741600547844e-29
2.268994975379068943e-04 3.734734339917384460e+00
6.753701563205934204e-101 2.700337557074497954e-15
4.738369228426064980e-93 4.316151860077244346e-63
2.071777663592704308e-117 7.723032276760452171e-86
4.507361824592591601e-47 3.029263497328075187e-19
2.234664678338134999e-50 5.871365845251381799e-55
9.492876320849753617e-21 2.035790896833243926e-73
3.374641115641338869e-92 3.345598110689518290e+00
5.207190971662142277e-123 1.461246024154741971e-100
6.186792464096721621e-60 1.176810697613163814e+00
3.435759204453188434e-165 1.379080772280185105e-58
2.046352507923513971e-152 3.145044909684767381e-44
9.496579230397476713e-72 3.999184949946695600e+00
1.161958733053242235e-126 2.356686966125477505e-52
5.686748550299036561e-45 3.996752267821568859e-03
1.258328255714399018e-104 8.703572420256483723e-51
7.235359890833807559e-111 2.573071622083915094e-12
9.791992234779166428e-122 1.305705892046580966e-62
1.566677837979598483e-58 1.088416556977546748e-10
5.047550089971567565e-53 6.100836220771591600e-01
2.248648395792212908e-37 1.868396198956888465e+00
6.194016652699036908e-142 2.770128901698656002e-40
5.977317662695316554e-97 6.433938937603637218e-08
4.166963530801609806e-69 1.604147770729635214e+00
4.529135970471803349e-96 5.269437496063661582e-03
1.640146086837464951e-194 1.791377412720453144e+00
3.454627432955224456e-86 3.736106819556737441e-05
1.621823570644999107e-76 3.664139236597984729e-51
2.169033328938863310e-69 2.814844074988221796e-17
4.226380970326927762e-135 3.294741090661519997e-52
9.433557874837560717e-297 8.723143157513771602e-50
1.485554777209000331e-127 2.702187647416075039e-44
0.000000000000000000e+00 8.305248339472304481e-113
0.000000000000000000e+00 1.620419854570021109e-133
7.337940524954311992e-71 1.726313817607332685e-02
5.536166867597769459e-95 3.432477856108183252e-17
7.640464357395245363e-53 8.521894927351882920e-01
3.295521269846262963e-78 1.036951588847352429e-10
7.954066948046487680e-197 9.340307322332331581e-135
9.453722427608000555e-97 8.379390669048978954e-32
2.028678100771981450e-146 1.393890000512211858e-146
2.669062154130966472e-128 5.512593734184850716e-20
1.089224083890148093e-98 6.503784931144795833e-11
2.723191651681310246e-64 1.756641829311865814e-14
5.228072314101629146e-92 5.992831582193903816e-35
6.388173013282076862e-89 2.882728131311248686e-15
4.313313996788582751e-144 1.089920966334339572e-115
2.196259316828182845e-125 1.858158075795368034e-114
1.205025860346546363e-116 2.684850308364806398e-19
1.576679617437298230e-139 3.664442677934016727e-33
1.631498632208239159e-97 4.639863823080020586e-39
9.755510314885517744e-281 1.025330973324668349e-29
1.450760913962698221e-116 3.471030119994166854e-50
2.327126163451459544e-108 2.604799829866161220e-25
3.131643429514297276e-190 3.248915026126004135e-01
4.802450093946334646e-135 1.777970862155579601e-15
0.000000000000000000e+00 2.402348142583749640e-31
6.147674402979727885e-102 2.288263073382783874e-39
0.000000000000000000e+00 8.840818815524403544e-149
0.000000000000000000e+00 1.117619443396024900e-04
0.000000000000000000e+00 6.008350278448600375e-75
3.432163396690169037e-124 1.329686449952983055e-91
1.531818629033431097e-142 1.504551085224449017e-53
1.570167181617901944e-241 5.078952205123541906e-67
0.000000000000000000e+00 5.736825950110911610e-65
0.000000000000000000e+00 6.703460734243973365e-34
6.149004427247215195e-20 1.307177192361350385e-15
9.608894702020498446e-01 4.595227492928472830e-86
6.332206251706475427e-54 7.360601782631229257e-46
6.709189872493830364e+01 1.271074712316362432e-55
4.899078225074408977e+01 2.564957616931078753e-56
2.515591023808288335e-02 6.180872649615426484e-01
1.014596735163663197e-69 1.367288363408738730e-27
3.642570443219536462e-15 5.974954961826684396e+00
8.346191444744451016e-02 3.723645025773203207e-74
1.641049673436332412e+01 3.956746379477227127e-20
1.242010212264088791e-55 8.199196920537443643e-58
3.419222095754586357e-31 1.899320547007262952e-06
2.022882272754837399e-24 1.285864162646530400e-08
1.337415842603874045e-03 2.734768439458640234e-20
6.455812359767145146e-72 4.390912089294173015e-40
1.428005186997883178e-49 5.803261122771425291e-06
2.616954397184364127e-25 2.183366374110611924e-19
4.777882549911526931e-97 1.914448357757107691e-25
5.995239078283935351e-40 4.094480741035968462e-08
1.651273269056043956e-83 1.802713592027810588e-26
2.034809716381164648e-05 3.785336904883350728e-01
1.424071089309554471e-82 8.733322228074166582e-63
1.367527680926455176e-30 5.585909477910464993e+00
4.729699693868011146e+00 6.505186099508200002e-21
3.152866699645642019e-71 1.772988954681632978e-01
5.936154311502015064e-04 8.788658277112193143e-28
2.751869014645741536e-79 5.117599743226227577e-43
5.588533946861911315e-76 6.745683792406424096e-36
6.549681835839298586e-29 6.846386205762132226e-15
7.618782798063011763e-19 4.654368438824846521e+00
5.518795749539098282e-66 2.235281413605788105e-35
4.142386011099403149e-98 4.367363632284158112e-45
1.781598063148188294e-42 2.820363461713492749e-19
1.851918591629806813e-60 1.881701964797880796e-77
3.795015505626160350e-109 5.529701373512321241e-92
4.367098301090671715e-81 1.853206329984025720e-38
7.402727721028549554e-60 8.791817834998562514e-63
1.027285934630302792e-58 7.360468115700735555e-13
1.653526608860872334e-38 5.688152662039178847e-29
2.242889321292381444e-01 4.959909464835828163e-29
8.496406241049789291e-93 8.603653131377694971e-65
1.767463812633739151e-41 9.387250698582352726e+00
5.841406862217471578e-96 4.004368982182818433e-38
8.427524254313939185e-56 1.718032981669813039e-02
2.683658864463425555e-34 3.922164758073472187e-27
1.797388825460280542e-70 2.743537868107972848e-39
1.764645945766631301e-31 9.160205475533809150e-01
2.007087319198853236e-69 2.074709831726922804e+00
7.135575506405807811e-189 3.665520369882963777e-120
3.108143120600902871e-99 2.373374742793004916e-24
8.460702666784531475e-38 5.093056997346475069e-13
1.402726173195364541e-60 3.877078485625659824e-07
8.454534449973765884e-85 6.851319167828331473e-38
1.142675675816070496e-87 2.545791476096839327e-34
1.490027833858949380e-42 1.332096641248864621e+00
2.161061032851707360e-43 1.016607896868943201e-27
2.951150182173704036e-67 6.182471747163432732e-54
7.060981703054915187e-63 1.311682834262744099e-26
0.000000000000000000e+00 2.564082728078717968e-02
0.000000000000000000e+00 2.567095813752586983e-02
0.000000000000000000e+00 2.531936146497581336e-02
0.000000000000000000e+00 2.515487036704468909e-02
0.000000000000000000e+00 2.568974453585223805e-02
0.000000000000000000e+00 2.571624285476279900e-02
0.000000000000000000e+00 2.525791576501913369e-02
0.000000000000000000e+00 2.562835414622318883e-02
7.406727771769338431e-07 5.208714484389130206e+00
1.412630431384885832e-97 2.111206123475921594e-39
1.789697167241897531e-81 5.313678582977059861e+00
9.396678425025930913e-92 8.782898106376584067e-23
3.876369551966867662e-41 5.184258303552390406e-15
2.254520499893447654e-54 1.825091675441863806e-15
4.360824258495658857e-92 3.620461400413173504e-53
8.752171375631410875e-58 4.320494304403438512e+00
4.374267929237070008e-32 1.354668941161117468e+00
2.865571003774775889e-70 6.245658411982966434e-60
1.090047980069157896e-30 2.234655189964054751e-14
1.944297723218905512e-140 2.268314414071499878e-35
3.380861963814738255e-62 4.586305485073132182e+00
8.299474272371277402e-117 1.283183270935792538e-45
3.467249078163516213e-83 6.292796902001767380e-24
1.653043763411981750e-123 3.648798403030203083e-62
1.797534172182573823e-18 2.181349553163559212e-11
8.968569066555330025e-69 4.341525438556098047e-46
6.005945987896851720e-108 6.405859016683002406e-81
3.129114189735350901e-121 1.954981089650899097e-57
9.560473082277929342e-55 3.292758994380008362e-11
1.971856661886239663e-41 1.422168620430305033e-19
6.721138772893250164e-83 6.845322145208811389e-38
6.566282357038162378e-41 3.461558957450224274e-13
5.072652049561229052e-65 6.831801036061598720e-09
2.586116201093139120e-61 6.919355068416399476e-27
5.833016257750456184e-169 9.832394134457174035e-49
1.490330713419117641e-102 7.165780670097420076e-27
1.239684561777219917e-101 2.079615126958111562e-06
1.469546153449849883e-117 7.290885253034045312e-10
1.980952319390719955e-112 3.445392233526380910e+00
1.051508322531067240e-75 1.917635628803023785e-28
1.664638449323638808e-107 3.797565873385524426e-01
4.032693143052059530e-91 2.865587413621433280e-02
1.155855346460591544e-93 5.805220029061380210e-02
1.200248039582966139e-81 8.247250873705241758e-46
1.630932831025910016e-209 4.264415508769160565e-115
1.353514541524236520e-99 2.503324790985571813e+00
1.153283072042175570e-80 3.397933410911179187e-34
1.963198289911508341e-102 2.283883633237119905e-45
1.567301655896819234e-73 2.947715411809388129e-60
2.026875917071573508e-89 8.346030182371154468e-27
1.599066181270246786e-68 1.521520577113822110e-41
1.976989122885229739e-112 2.478320786222900893e-21
0.000000000000000000e+00 5.282493881327398435e-92
0.000000000000000000e+00 1.801360056836589856e-04
6.103804934428055232e-190 1.332661143088363078e-25
1.583360936080059936e-180 2.590752021604003354e-25
2.497261397429835110e-91 8.695901216828594685e-09
3.055050366052873334e-178 7.548039966455946159e-11
1.269839504137279332e-85 8.735693545069138644e-01
1.598338862864634310e-133 1.080534664608266268e-13
0.000000000000000000e+00 2.721837943523817682e-108
5.200978752993064460e-110 3.401581379520720699e-181
1.170137279717479345e-131 3.518254504818889207e-18
2.706776623456770407e-73 1.508792603792728793e-44
9.706725375709542902e-75 2.173368099333988692e-03
7.409434347869000313e-294 4.898194710839455366e-20
0.000000000000000000e+00 1.634836511913196527e-120
8.159780900706474435e-98 1.103380928225503282e-24
4.094146652959628212e-103 9.152962323893951377e-61
2.458074567173523373e-108 1.466292387383175802e-42
1.775676842969054922e-104 1.840781560963551425e-30
3.731689935186226904e-102 2.809796812412517384e-05
1.835079223424155799e-87 2.068267053464117691e-42
3.774179523221140342e-127 8.350784801920374511e-10
1.962875093576604966e-111 7.664279905176441870e-47
3.208348150969671478e-102 1.091678902958617322e-55
3.782134725039263490e-195 4.486845378085870494e-03
5.689826869738899505e-305 3.260368832001848164e-31
0.000000000000000000e+00 1.093770338825715734e-32
0.000000000000000000e+00 8.723145911384900633e-66
0.000000000000000000e+00 6.902902729139650866e-33
5.870336303589864819e-144 4.600138294028134391e-100
7.381615406877260142e-128 3.823884079655727534e-70
0.000000000000000000e+00 2.326268654687874690e-61
