4.769898709651060873e-85 1.129633507547385340e+00
7.825241231706672185e-01 4.561852228023852263e+00
9.433703906768165920e-100 2.552893880123772719e-01
5.748667859696760859e-100 6.383039581891558623e-01
1.211869249396550968e-22 3.538715020628673269e+00
4.836789622313931830e-88 1.478441329135838922e+00
2.905937315378476969e-123 9.859392410313501387e-02
7.795411965443516700e-117 4.869464401508434293e-01
1.776553128429352440e-144 1.219378205022794981e-01
1.845870057119479046e+00 6.262723424059533084e-01
1.888088964181684226e-56 6.659314481780423955e-01
2.036533458452382539e-01 5.900638825586372871e-01
7.643703959295441101e-42 1.483516653534165064e+00
1.943426899986882431e-85 2.700047818878428263e-01
3.577397839407135222e-103 3.342526115835408040e-01
4.282581752691852920e-18 8.350132122779029942e+00
5.565525687771037112e-38 5.776378369635010834e+00
1.031301702693563627e+01 9.722312532348555081e+00
1.063088759700561991e-106 9.618788359267993471e-01
2.770074238133528363e-187 1.937172249346167385e-01
5.781460904615557190e-29 3.447849034668124535e+00
1.765153776847251132e-72 9.604385938173208848e-01
1.185766320027271736e-99 6.015392276863557042e-01
3.193309789791655438e-10 6.644133684138024520e+00
2.670226797582018963e-56 5.956630131451853272e-01
4.870719398826608589e-121 1.590643950345384250e-01
7.716489926821333901e-91 1.405047042543832447e-01
1.909578432815378315e-115 4.064215136976940257e-01
3.133100679252996956e-01 4.687844822624316343e+00
2.736919012393084913e-59 3.353521386699840789e+00
2.387293256447071166e-184 1.775276273297995422e-01
1.163604305325336965e-132 4.225118347614582881e-02
1.049327736623438304e-133 5.133428119930162348e-01
2.175742852604887567e-100 1.023052865082985319e+00
8.525101007799365232e-89 8.449709418856575782e-01
1.579726530852009272e-02 1.682697138252290170e+00
1.063383906347667385e-94 1.286580024047990989e+00
6.483074636655564883e-48 7.093358884581204560e-01
8.638993435732203889e-15 2.983483001392912004e-01
2.298880823839621145e-86 1.596866422698239418e+00
8.327211121165138826e-150 2.049922406060712340e-02
3.455765922028960130e-92 1.026490494328103076e-01
4.608583255579055326e-46 9.767245814064930975e-01
2.440149832956989839e-01 1.945882117625379237e+01
3.840681656238263439e-71 2.218014961778675964e+00
9.617687376308780031e-141 1.355324640578433604e-01
4.150276036645895728e-01 2.585978045996944474e-01
1.273435305366881903e-52 7.856239276452936515e-01
3.846913059445564184e-131 9.047286001724229587e-01
9.490203283036380277e-01 9.952584102275507050e+00
8.912405594186517677e-02 8.088484540387623767e+00
1.379385591389504238e-141 1.604458400534929663e-01
2.601125920195270192e-107 9.214301552582108146e-01
5.443154673272742272e+00 4.580789616660489116e+00
2.450431269440671300e-01 1.023176235956711366e+00
2.158793609197204711e-140 6.889742968863912242e-01
6.171231155598257369e-80 4.425724459130071509e+00
1.667083075812360038e+00 3.979076594354325813e+00
8.534479276280150209e-52 3.268318258465928161e-01
5.852710011934094078e-108 6.724487463580870739e-02
2.701583434537039914e-73 7.127043092341303954e+00
1.556790838639301675e-96 1.635690721639448286e+00
1.056044965797226873e-111 6.815239522211135048e-01
7.908506165571908387e-123 1.626987224796827836e-01
1.333770092707295505e-119 2.060441069539377390e-01
9.605516959254610499e-98 1.290313489327703289e+00
1.393330635462136209e-83 2.703671696621597675e+00
2.484188787901030252e-62 4.024457305803821328e+00
5.947672481209947021e-132 1.713184884775085792e-01
4.994688495554253003e-69 2.421982254426137793e+00
2.785422092010039217e-67 2.957195360706157850e+00
1.006995749126592954e-01 4.954118552853888247e+00
1.143532816781342565e-66 1.545473907860525964e+00
1.602390599644097335e+01 5.179119419364171861e+00
5.430957510652823162e-76 3.033022981698558329e+00
3.183628614240723853e-01 5.224010699006725211e+00
2.134187074422180414e-82 2.128940059866008816e-01
1.341497331678699888e-109 6.160194387496918944e-01
5.970957326465552379e-193 1.409937950162603801e-02
7.006319392703552476e-15 3.666439615445586497e+00
1.696712324973617772e-152 3.329712027523763079e-02
1.845429894668062248e-74 2.689137076589517950e+00
1.110808608217507508e-78 6.732984162332215083e-01
4.522772804930490744e-13 1.761209695771307482e+00
2.459083278973026032e-02 3.373050487978952461e+00
1.773401152474631877e-94 8.037056987558481858e-01
9.807287767136142465e-11 4.936587097223823051e+00
3.642686485430224272e-125 1.086290467822163819e-01
2.221877493822309573e-03 5.066351229930383226e+00
8.463912820845453325e-04 2.559117344369506997e-01
6.940770135971660063e-162 6.585752524769462879e-02
1.477722128577385724e-127 1.742687540247049929e-02
2.373771568642173492e-27 3.597088458829793556e+00
4.868029029219731499e-76 5.295564142107358485e-01
1.465917543970492414e-87 2.272046865543142502e-01
9.240488990328203275e-186 2.794765231860769916e-02
4.487331734865842065e-96 1.519423204326865728e-01
1.313735637025453405e-50 7.377737829206014730e-01
7.514017188386690581e-41 9.129130059721330070e+00
1.568364505092651328e-109 1.713556813047981686e-01
4.659514682100902860e-02 2.852560650140195109e-01
4.370461520708666793e-132 4.565834225880372466e-01
1.015512906045522381e-81 9.266090124268848705e-01
8.429682681668489744e-28 3.618758804253910277e+00
5.392867527726666103e-33 4.239724325003237482e+00
2.088502833909301748e-01 2.109482321592060394e+00
5.648308264276430963e-140 9.667073578376571275e-02
5.948522336726132947e-84 8.431480864015614696e-01
6.879736588672679948e-144 1.006551596967347056e-01
1.858684711509358822e-01 1.637457785829870449e+00
3.887828346030396450e-70 1.806941205075957457e+00
9.706587135670475861e-119 3.958701893405295880e-01
6.258602735198647385e-127 2.339763850777871468e-01
9.560064308955079493e-30 1.311329784343363558e+00
1.867896019066550829e-44 1.240536350965045775e+00
9.657000657561705392e-02 1.527210800912011779e+00
3.698146456148921658e-25 1.292362496040792674e+00
5.418218689603471928e-106 4.692124185596779906e-01
2.050452239794982079e-95 1.906417459974765194e-01
1.833789877134577281e-51 1.149984023186117144e+00
5.083713126704151667e-127 1.144143615660386665e-01
3.588094606877287079e-35 1.694820263411732919e-01
5.144490929908325334e-102 5.519617327674019025e-01
2.293895572793739552e-90 2.792843039136487793e-01
4.150555190293002166e-34 7.994199780351503026e-01
1.128646373712244081e-18 3.368129897109123583e+00
3.611475674308670450e-75 1.209714498507883373e+00
4.897279604507552322e-123 6.675098437692444930e-01
2.655878005480314437e-70 9.808924424967548072e-02
5.607942549975830864e-190 6.474792342568011505e-02
1.820942154580504570e-95 4.679485702755385723e-02
3.215324585054692078e-38 8.762935233760522635e-01
7.703390160631695090e-102 3.145148118991254460e-01
5.730380318675958816e-134 1.408468461824533002e-01
3.546434643202908148e-44 1.098876901247202387e+00
4.592711432518376188e-80 2.407928847545977025e+00
2.215604199236904590e-02 2.478985207092728071e+00
1.315984145652412257e-02 3.238091633376652401e-01
2.548039748003479416e-19 1.963120454043293384e+00
1.756311537233725565e-114 1.971460569530026352e-01
1.745555054768117964e-71 3.636526438657855298e+00
4.845799093268620250e-90 5.277707914332296912e-01
1.644241029450098693e-111 2.142536300741101907e-01
8.292436469102074869e-69 3.631513699864123090e+00
1.214155547266185414e-129 1.310895064633019469e-01
3.000003415616297333e-72 4.814517199409936166e-01
4.660946107332645083e-89 4.821849971830451387e-01
2.789738806792640445e-130 2.570275000263789744e-01
1.933668671140489447e-198 1.599939102426043702e-01
1.583455368592104518e-133 8.903683103585528780e-02
4.184832825440306532e-158 3.073312712908962685e-01
8.925479983311765879e-205 1.504958106062822230e-02
3.370303832419827700e-02 4.003590093368706304e-01
1.875524104981955832e-148 3.388257628254690013e-01
2.939150418163782131e-69 1.198733900529667773e+00
7.765941237574183062e-85 4.566265405792054866e-01
4.708477931892400101e-61 2.643313688021843522e+00
6.756132538526429019e-102 1.023238109416514524e-01
7.853933388720165665e-01 4.626239190769952714e+00
5.037090962834098636e-67 5.499709904272641836e+00
2.684968946201291781e-83 4.647172421726094571e-01
5.218106167134757355e-153 9.154257845550133055e-02
4.865159943235491211e-113 9.541320588678509074e-02
7.501301791703444549e-118 1.520925287470348795e-02
4.952983169032224575e-01 5.204087787564454892e+00
4.324869777202275618e-148 9.096137826961971096e-02
8.825376553828933135e-125 9.660196695946074441e-02
7.519748121053380604e-105 4.173284330191641134e-01
5.202682124353609136e-88 5.134345560823962984e-01
9.822312321033394023e-03 1.061635373131273874e-01
3.154978504805423677e-36 2.018598416277576357e-01
9.997430315936311778e-187 1.462161977201050650e-02
1.762915627948595489e-108 4.401117533957459860e-01
2.176918179559249943e-74 4.517775262014759319e-01
1.473931023886934504e-131 1.946112301243337894e-01
7.067739070185157567e-163 5.958201084185135027e-02
2.372708457278485651e-49 1.085970539727147299e+00
8.835039963042262119e-147 5.336329867491338419e-01
3.544833145110558732e-75 9.802361354488862144e-01
3.721195298658768340e-90 2.828105792775610361e-01
6.647811073289341318e-37 8.753080530235438639e-01
3.698148224155758167e-40 4.075045971730077099e+00
1.224183459311808561e-81 7.572634850385592808e-02
1.003475471098101045e-132 8.407391501873727468e-02
1.574795826730486792e-01 2.455347235125227290e-01
2.050908832357208811e-90 1.342084682877910384e-01
4.148945758184755607e-111 1.407695620582371243e-01
4.189510939755909658e-02 4.314874973384591250e+00
1.859648365421093877e-73 3.260959920457022765e-01
4.073069179568522546e-01 7.556668350190770972e-129
1.106238521182328255e-86 2.291425454257993710e-01
5.047632049113660591e-01 6.379715578720701608e-01
1.383509318985106017e-145 4.300600268828489586e-02
5.379243025347777768e-131 1.286066013345912862e-01
1.424094340601061496e-96 5.900923327829933340e-01
6.043960985130953991e-71 6.156503282495117135e-01
2.492836782981305836e-92 2.171656442462209860e-02
1.929845871549811572e-96 7.209587843492197834e-01
2.320853423272458901e-02 1.652104676008895767e+00
1.208093408337532140e-129 4.469918519473820712e-02
4.388159995202312847e-88 3.532920778610205981e-02
6.312376769029789551e-155 1.202080161627520349e-01
3.944394651265072742e-50 7.546750689155122815e-01
1.548537982501544029e-123 3.041670625116993931e-01
5.910881319111514980e-215 3.318231512356828303e-30
1.211056465122227199e-01 1.293888475325489340e+00
1.463906953413422620e-13 4.058233023913993875e+00
5.559211175588270692e-133 1.117959570864033525e+00
2.175178920545290599e-144 8.106216794870053921e-02
9.533761253920590365e-111 2.647181938807540158e-01
8.662328332688202300e-95 4.529607329230290191e-01
1.935875198638143216e-153 1.367404728831202003e-02
7.778958102915926302e-125 7.705225649321401082e-02
5.819998048096407771e-03 2.509315645022686336e+00
2.179588978494398379e-134 1.193459178449930297e-01
1.012494407158995120e-187 9.551742710852043072e-02
7.967545463700462290e-155 6.537234306188288713e-02
1.903820629919526608e+00 4.543773911834294132e+00
4.796626092325517732e-02 1.425278033243640108e+00
1.232907453613425140e-160 1.614546225349662578e-01
3.236328277814598270e-23 6.163961366039060197e-01
6.376704938274090312e-187 1.079053202996365923e-01
1.794786244241282728e-200 5.354216211325730953e-118
1.657417737006006031e-69 6.651272860679614540e-01
3.981269528305268264e-88 3.821937064286821117e-01
5.581040782102175676e-184 1.094923360465128170e-01
6.634672077384198342e-36 2.306980150722032885e+00
1.289063616409904694e-159 9.872210759941130176e-02
2.173383892197438659e-32 8.787237423928778712e-02
2.142445844448215161e-183 3.957066922352408600e-98
1.696776178879997877e-149 1.239510324313173872e-01
5.010037261423081597e-154 2.119385849899088625e-01
2.963000435295591040e-34 1.452905267800173039e-01
2.880825622051697034e-133 5.976645275727726636e-02
1.548758884976007139e-02 2.283124112918375470e-01
1.784054384287600907e-195 8.840031674687058679e-34
4.927781573065176164e-119 4.156219759825885429e-02
4.393049387810251498e-164 2.641931204836454605e-01
9.354979644750291423e-02 4.962975334684188722e-01
1.067273734512311662e-124 1.051420383308698386e-01
5.950388379898247093e-02 1.115986430651215944e+00
3.757341599411375133e-01 7.896582560485316815e-01
1.560964377645929006e-21 8.601337325508400244e-01
4.771580296734970424e-42 4.379494548133150977e-01
0.000000000000000000e+00 9.630865485026945983e-249
1.659065517663120728e-56 5.252654830518189710e-01
6.167595077589927378e-23 5.581110698035045559e+00
1.304431607692018649e-20 5.639543839388387880e-01
4.807378309672865946e+00 4.938862264835106153e+00
3.060682460410764708e-02 2.151808944021401437e+00
2.034217778468107272e-69 6.734129823985228747e-01
2.651785923809006282e-02 3.981429462114297047e-01
2.894572460053798056e-76 7.777036460911647131e-01
8.602762307597427334e-45 6.076966389232416610e-01
1.503310878896748296e-85 2.477068972145916592e-01
6.530009508770612100e-59 1.180242138271239583e+00
1.601154173539976189e-01 1.709816490311351300e+00
6.305488648230870498e-99 2.921996867980983237e-01
3.050085734524542142e-99 5.259042690026516365e-01
2.168411391174172571e-111 2.945361276550681473e-01
3.757825833377651792e-76 7.780751672656812667e-01
1.215082756695528534e-71 4.915515608902054190e+00
6.690154170078486118e+00 3.123367741988011259e-01
6.839371904480411706e-09 5.044238978909262094e+00
1.357841917905963306e-96 1.144719691481504320e+00
5.159815694015402590e-139 4.560441688606696464e-02
3.740988660690864586e-120 2.197109384478584948e-02
2.384179739962556828e-04 7.856211384630746863e-01
2.130610409608361203e-66 1.372173087886133569e+00
1.548079285378833325e-01 5.299525695480374887e-01
1.846479194550641745e-01 6.112614876495895189e+00
4.440178514465729843e-14 5.363656401481046387e+00
8.675850152911565583e-02 4.058277282186995572e-01
3.464025628144630477e-44 3.775374702549596950e+00
4.365640747587067019e-53 9.862117502205642872e-01
2.243770070222482538e+00 3.861466847741628072e+00
9.265190824116490291e-95 6.947773523931992656e-01
7.694081393728846659e-24 5.196201032431392974e+00
1.040994978375234220e-57 3.242763988477364578e-01
4.959643793734414691e-02 2.167024530969088314e+00
8.525482888961571971e-42 1.611727413607465520e-01
4.701667011991654377e+00 5.740025489913684886e+00
2.241256951366385822e-02 1.743487005196704631e+00
1.625183472051996931e-69 3.769630045569353771e-01
4.693113809069656429e-45 1.125284566482628534e+00
5.876577063662008233e-117 3.178860526970915812e-01
3.099164124507864361e-110 8.333757289474553742e-01
4.348228736620022433e-02 1.860605160633432176e+00
4.218546149512221225e-97 4.710802620931831691e-02
3.531808907561962167e-51 1.984117044179155354e+00
1.252433972099196454e-32 4.070374050035308749e-02
3.760728981398857550e-114 1.538774030967120787e-01
2.246571205593150128e-02 3.813560195022332788e+00
5.280629484836137823e-139 8.910065173226099089e-02
2.017727124404302130e-01 2.126756166406106541e+00
4.095887151715041572e-84 7.253228198598855592e-01
8.199650900821255747e-73 3.376296230434889800e-01
2.139448881025623910e-21 2.767246622306413495e-01
5.216448377206419733e-42 9.230512557072652058e-01
1.007129276933293571e+00 1.010287721498555591e+01
9.506658934238383998e-03 1.276117977728088992e-01
6.646282529713840091e-62 1.692296805837393947e+00
1.149528999798636518e-74 8.253742739076089796e-01
3.150835940424504312e-160 7.214315355548818476e-02
6.704275100115077259e-68 1.086244069011605307e+00
5.835798812890113929e-02 2.311650523709729288e-01
4.465136266267664251e-73 2.777585118189295210e-01
1.839064542317027373e-01 4.378030683202318585e+00
5.971067945944375774e-21 1.077558440155615971e+00
7.976215872162683575e-48 1.168290729272208672e+00
1.628808988264242863e-01 1.052360029878791403e+00
1.853325793402063271e+00 1.533208237833872722e+00
1.433049529652856200e-75 4.102703431837446124e-01
4.368533063182704757e-150 1.774814387917384231e-02
1.133296667150735898e-155 2.774713217113222372e-02
9.439685401743016011e-34 3.858943404088111540e-01
1.106565297577951651e-106 3.889907685845547802e-01
7.466986375237821894e-38 1.104154094451847701e-01
1.828867924755676449e-12 8.378210339915367344e-01
4.197263385195464166e-64 5.427383736228061917e-01
1.066599034909120439e-100 2.020134463712965345e-01
5.173160668287772105e-95 4.637426816068580121e-02
1.784324945831276264e-95 8.924435358719032263e-02
1.918003934152847327e-86 3.222618166197053352e-02
2.740679794766009633e-02 5.405216723325374506e-01
3.208386015182616152e-02 3.654568148234702551e-01
2.874922766660940022e-267 2.691732493836841562e-176
1.637767615349263739e-01 1.440310046851495551e+00
1.119272939125878080e-01 2.182521301375363265e+00
5.156297558149555867e-35 9.556702596613334544e-01
3.219913441966474887e-01 8.250201407135276943e-01
5.329091881309429013e-01 1.916299956017327943e+00
9.050891653926992726e-37 1.496238698337603923e+00
2.022509124874713127e+00 2.445185182780195809e+00
3.500451931208812004e-77 2.009539117666566191e-02
5.166926063650787882e-106 3.340177789767742600e-02
3.866095601529981788e-149 4.635977520718582295e-02
2.682472466729202698e-01 2.103416312926217335e-01
8.667141505523041911e-02 6.590875053186087129e-01
1.517786351584868029e-118 3.908608180978703078e-02
4.690473099571173421e+00 1.245959669078123833e+00
1.083898087081518172e-64 1.125463552119258526e-01
1.401786281440101782e-57 1.953741924759311022e-01
1.516562799473393508e-01 3.380497620818577742e-01
1.961641711945175462e-02 1.351188389207622409e+00
5.535766602146129783e-02 2.969080144334316218e-01
3.626167064647217378e-18 1.273986428299153539e+00
6.078327260669812674e-90 2.909049170589845801e-01
2.525920715233046732e+00 5.610463109882749544e-01
3.492867415273133713e-01 5.844528785149825101e-01
1.050633952725873393e-14 2.072222804889225223e-01
2.635994788431177405e-01 4.980457872997230973e-01
4.714772173556523782e+00 1.143102265835556075e+00
1.130614418362220208e+00 4.111830409726089375e-01
1.372850729708343829e-05 4.731623553787097869e+00
2.994908878205168110e-67 1.483781355306612593e-01
8.819331428552544816e-01 4.106439585832235561e-01
7.486128301440947430e-02 1.275069343510596198e+00
3.197979597387094956e-57 2.095929624586256868e-01
8.732089683934898816e-02 1.897488897354055126e+00
1.153672431770170596e-107 6.030302691725757114e-02
1.642016020275930346e-27 4.223012037591754586e-01
5.078863754468060070e-147 1.880962775454814430e-48
3.064025079910034574e-02 7.476216099066615439e-02
1.170753119744183564e-02 3.149681443851821139e-01
1.024295343686756766e-43 2.804928639015251690e-01
1.859697081418465686e-49 2.020483866315017640e-01
2.543622546904347422e-139 4.841320165391350266e-02
3.507962953811557760e+00 1.179214364919715319e+00
7.713262242185964157e-15 2.610811398772266423e-01
1.815873213949658740e-40 1.122036569292328423e-01
5.240526977368281922e-101 3.157691352864278739e-02
1.660299779736329322e-18 1.209455164070622146e+00
1.538118289124802418e-01 3.651859329479266170e-01
3.756047096788608304e-173 1.324864680242036213e-02
1.234258266879981336e-122 6.817629923366425038e-02
4.776230089331505179e-54 2.667130577105549794e-01
7.793373881038714714e-77 2.932605994285770318e-02
2.369795512425568185e-02 2.379531060625538208e-01
5.170355222678267582e-02 6.687917664231374237e-01
1.090681217684806026e-01 6.701772276716172483e-02
2.627131802549302342e-01 3.596872014340793955e-01
2.092378587687774516e+00 7.089637252134263212e-01
2.695881104821260261e-81 1.393988802962854989e-01
4.943345822435746812e-18 1.080196209439928251e-01
3.297167128180766155e-02 8.314353586992068168e-01
2.559170577103817013e-01 1.005088748266082244e-01
4.152306192032170079e-02 2.820846285926758013e-01
5.313460724655692758e-04 5.905978087422719680e-01
2.376886889072851380e-02 9.972392139667988209e-01
5.680246767662938012e+00 7.258991936449963323e-01
5.488764136535438654e-02 1.427240750603654407e-01
2.382967411650772650e-44 1.213496397935118487e-01
2.950712105993461320e-56 3.763620529153946515e-02
2.630031514518771374e-01 7.556547922709564915e-16
1.901542201427964677e-07 1.356116533114499756e-01
6.540330046977145916e-141 4.177539370847711125e-02
7.477067459998463228e-01 5.196355295864186763e-01
4.672365477995919503e-01 3.413750454365933606e-01
4.592802564036189972e-02 4.861100131012084380e-01
1.895733802651196079e-24 2.064690573192694001e-01
1.195918816477322816e-01 7.882549796419989763e-01
3.587022819336260330e-218 1.610699392073813339e-184
2.649679284748448702e-02 3.216285182701999479e-01
1.166485338344939934e-142 1.407546744159540036e-02
1.922119462070822626e-01 1.038200803081661266e-01
3.608048131784844514e+01 2.704533872430949169e-35
3.118950413895735241e-01 3.866575235835603142e-01
6.772440926658743025e-03 5.567477541181778955e-01
9.078222198980248625e-02 1.020652743020070835e-01
4.752593579314068784e+00 1.699623905737089129e-06
7.025456031682553775e-57 1.062398947366048757e-01
1.196078669593345252e-02 5.001356515125255847e-06
1.927142499815066301e-01 1.889182938038752313e-01
5.674748357526814002e-02 2.501785842024015216e-01
2.267353795444180392e-02 1.624465344253335497e-01
1.846392498654802944e-14 2.166516968891587513e-01
2.781818975959487973e-244 6.736654872788305350e-168
6.634724151621531618e-01 5.774342585507197256e-01
2.940917362066038579e-207 4.601117867455609534e-218
1.033855262391937258e+00 8.755992121665188144e-01
3.507913322995749402e-10 6.221993350390127020e-01
1.504315842282341394e-29 1.207418011225748350e-01
1.025086807299405787e-59 1.369534198628538126e-02
3.249775540505836682e-15 1.145036008013956275e-01
5.261464267802931083e-01 3.581085497956645880e-01
3.307653784239203976e+00 1.173851966549663561e-01
1.654169408052279522e+00 3.269464340194875862e-01
8.120268516014712556e-01 1.679556652884403589e-01
3.227700364455826643e-01 1.349165083330421122e-01
5.177035095737441139e-01 4.793569941076070151e-01
7.382528602501162857e-03 2.746725040910770743e-01
2.041632859599961866e-02 1.167346274165021736e-01
5.822342017390600422e-01 6.477094254366848325e-02
1.434413727408681671e+00 1.135500404887470042e-05
1.812324724896505757e+00 2.821410680863885648e-02
8.924872119119210689e-02 1.099004918856690971e-22
1.032118567291411826e-01 1.776318739968574811e-01
5.215483307187166601e-02 2.682294448851095248e-01
1.145458658251905983e-54 4.187859034052808788e-51
5.280746538413296421e-94 5.546952098816945722e-119
2.800357613677649127e+01 5.259777251390868047e-01
4.382101008727709789e-60 3.421657042206999177e-02
1.635588413014517898e-102 1.627410388069007105e-02
1.485457989868391865e-02 8.062239593269480975e-02
7.635679638746090125e-01 2.110915713698667262e-01
4.500577534321707596e+00 8.450085389445716189e-02
1.383833219506625245e-01 8.827164524189773376e-02
2.649759365738296180e-01 1.308356942637303710e-32
7.239271004997366310e-02 1.090215789681884540e-01
9.593944127465968919e+00 1.253227487029499559e-18
3.921183964050235504e-01 7.734178888025404486e-02
1.021288963135319694e+00 6.551922522907699387e-02
2.660192883058610791e-01 1.025713584520536875e-01
2.076176966081285935e-01 4.341452496894591210e-28
1.050698476183892952e-107 1.603704554354993988e-100
2.283092057122942387e-01 1.806006765349774668e-01
5.831746842279100784e-01 1.889560224892179036e-02
3.875220050882987460e-02 3.016023728407738608e-02
1.252262488063074769e-73 1.560551144989184673e-02
2.481816715309527743e-01 1.029075877199763456e+00
9.495921012122934712e+00 6.786603006849249029e-28
3.172068363189715634e-01 1.635095335409514697e-02
2.192173468269796347e-39 4.238860363293349420e-02
1.472047467083686945e-01 2.115311851752272043e-01
2.068904883603082655e-16 9.247082308519051497e-02
1.772794841356723827e+00 3.594249902906651483e-14
2.542115378300944806e-01 2.652236187331739881e-02
2.861645648548015730e-01 1.936634122790050760e-01
2.821441179779519137e-01 8.706899043318834508e-05
1.073399560169873649e-03 1.073496869271765581e-15
2.012960171259720354e+01 2.670098497079734049e-23
2.594042809058098031e-01 8.213460922441175038e-02
1.279874213189703847e+00 1.078699811359893166e-13
1.922600441314161468e-01 6.343191321894821322e-02
3.019500257213892369e-01 1.838968743517127580e-01
3.619545377672388486e+00 5.665574127245610880e-02
5.756537471104939963e-01 4.171019575847495497e-01
2.579890488605153243e-01 3.105695595095784786e-02
1.730191330262437432e+01 1.536461775894018172e-12
4.624191249799940173e-02 1.681425754910936821e-01
1.421902922519494850e-01 6.820255924197245190e-02
1.874443124972273722e+01 8.881677844775423759e-17
2.479260774186645477e+00 7.196795413051527701e-01
3.875569102305694291e-01 2.573914004335839945e-01
4.937241436365022440e-02 2.023707885832091435e-01
2.445038350118107773e-01 1.590463827893473236e-01
6.143428428143038537e-29 5.957103254839817702e-02
7.063422667801497745e-01 4.598554304232168460e-02
2.239351340877724500e-02 2.410102768275942386e-01
4.725373289124453535e+00 5.747965680407484540e-02
8.456114658796143675e-07 3.280077985101909066e-01
2.922087875054077410e-01 2.632188799568805498e-02
3.644642653147860401e-01 2.612059329668389718e-01
1.581207639050947922e-38 1.071953709659436149e-01
7.795661635991795180e-01 2.164348228869334204e-22
4.536844953479972629e-14 1.516584578190489918e-01
3.411363122860737729e+00 3.393108757949546875e-06
3.415211053280969115e-127 1.313167233394662262e-142
2.782847644727400060e-60 4.274815600872249044e-02
1.731190093743171439e-20 7.026060295245682707e-02
8.131582745041910920e-01 1.674901161433706709e-01
4.671272752223708524e-01 2.727597302401364027e-02
2.402314986510093731e-01 7.840784224096793154e-02
2.278048798045947398e-01 2.335599540186389378e-01
1.449596261310995560e-01 1.248767633675172545e-01
9.969791241784835556e-01 9.015683086408909823e-33
1.323801418513178785e+00 3.265471382514543996e-02
4.128517565194939065e-01 1.620003578077245099e-01
3.515667522357324160e-01 3.293742834654581064e-02
9.091813103173530808e-02 6.753775009795798256e-02
4.751632696452996740e-02 3.519596602986464068e-02
3.632435949829439181e+00 3.826690908077154827e-23
1.575927532782895463e-02 1.340073301582099356e-02
2.884144776380617170e-01 1.850398586094418940e-16
2.350781010886667004e-192 1.749574389233945454e-153
1.051992611088977542e-01 4.381867901141001109e-02
1.427581731033295220e+00 3.056233512201091706e-44
4.246720432357272701e-01 3.374613801216005896e-11
2.973154941035203308e-02 3.363255441336266883e-11
4.095908838940390956e-02 2.468554871240121254e-02
1.989841922376494421e-222 1.933041378942920736e-229
2.842977226592591666e+00 3.775099831742978660e-55
1.009822622782373447e+00 3.172956395455080743e-29
6.464410897474775375e+00 9.852410446435578660e-27
1.754009924978495449e-01 8.131313411744624770e-21
5.178687285723383438e-01 1.003948692569448725e-32
4.716405233974780287e-01 6.323026678742993921e-03
4.678567688748014874e-01 3.858891882882982405e-02
1.335715351886254676e-01 6.879028901911682370e-02
2.932940689841617155e-01 9.562888906872918371e-02
1.476846070439899128e+00 2.630765275521992055e-21
3.527602449741046203e-116 8.486338773187986442e-113
1.505029628514830686e-01 1.624032317723143117e-23
2.401352210401648701e+00 4.978889606655961114e-02
2.818892013330790910e-02 3.697143473650940648e-02
1.943518321641221069e-01 6.754666176036919212e-02
2.365594351384823213e+00 4.900325014385728427e-28
1.757028377573864042e-01 4.332464364058651332e-55
4.143474449006931404e-01 1.086321469556184305e-01
3.414013861145051565e-01 6.380215876170910146e-14
7.782127128553393012e-14 4.054466532589674765e-02
2.268505292955638186e+00 1.789155332048367533e-02
5.835649722006283069e-01 2.429923679739303191e-02
5.573133735814064982e-25 2.722206601343383877e-59
3.497751107378623270e-01 3.035698238182374843e-11
1.314647355479934832e-01 2.443469283800436126e-02
3.360482956527329436e-09 1.634365532322637482e-02
1.329032601594683227e-01 1.499313565813327649e-02
3.667596719588658294e-01 1.062381710887115909e-61
4.981101793026006599e-08 3.668887973007364800e-02
3.026179653753560128e-01 1.406757887111312246e-48
1.762916814717106373e+00 2.999794809306434380e-15
2.132054491209642855e+00 1.623222790262588989e-11
1.327040342641511994e-01 5.960735836049965014e-02
4.346956781565654571e-01 1.443814308768967240e-08
3.350490617982603059e+00 1.714608248903535184e-33
1.077800179588850105e+00 5.955431705917204672e-47
2.409089740011974984e-02 1.877301613081450868e-77
4.398721369174295681e+00 6.383089120832064443e-38
1.635622019696531676e-02 3.914545846505583699e-75
2.053831779988689377e+00 1.441824367753531733e-54
9.775373744253416930e-02 1.394123142759280671e-55
9.289956237674826726e-22 1.520382158964982133e-02
2.968093064942058379e-01 2.324033369763021724e-40
8.276735845781785228e-02 3.174419714548907790e-58
5.027049553178881691e-01 1.340666962218287773e-36
6.069331954906061893e-02 3.340059384335996731e-63
1.982110099681892723e-02 3.721674730602401591e-96
1.332080420836306178e+00 5.227167954802990069e-02
1.253525981668451583e-01 4.102089681552827946e-18
7.466343772977647175e-01 3.887488680257041554e-64
7.556679074202597712e-02 1.546039793430476839e-03
3.143481533905710390e-01 3.766668651272256480e-38
4.107646373385460681e-01 1.307146844849837621e-48
4.855092418224408179e-01 7.323435052506325850e-62
2.514408222305231168e-55 2.679897967204983994e-02
5.953857231286297652e-02 1.406179796807699302e-69
1.622596237079277914e-01 3.743941179336826526e-77
1.537287985209927710e+00 1.770804942922075635e-46
1.059389824033829669e-01 1.440213461603547136e-02
7.986422001648371682e-02 4.447129686576853847e-43
2.671626639163474870e+00 7.179120216193008189e-71
2.254909754454230624e-22 1.430621007242200565e-02
3.392086556295085931e+00 6.965848438072543762e-63
1.055802262723580576e+00 3.808333923821978248e-59
1.238039420845541277e-01 4.048458031595510287e-18
2.400278075012074464e-01 1.655218528484259548e-38
4.918273847797676596e-02 2.580172893825187030e-40
2.412503502029177405e+00 3.037789762552340205e-17
1.397411654154866060e-53 1.342511689958344155e-02
1.005198704499603457e-141 2.010942787208493840e-170
1.218161586230359777e-01 2.051193038641285077e-02
8.201949255761584734e-01 1.806036562694116630e-78
7.478405487169563770e-01 8.918849735628761689e-64
7.099641466131674516e-02 6.104050130728804133e-88
2.322505651740069954e-01 1.618489347821251737e-16
1.445684117939517732e-01 5.304003902988302030e-03
1.151141736965451134e-01 5.210007345279688527e-03
1.839520284241721641e-115 7.237005842051528415e-155
4.083575039943014851e-01 4.623029807254871115e-50
4.098007348529077859e-02 1.372572480970256185e-02
5.361909694917612462e-02 2.240227145974542041e-101
3.524304982043978407e-02 4.697623745155543693e-75
1.298520767865106972e-02 1.286229592733492257e-149
1.410553360435350179e+00 1.005727684794019871e-78
4.784823861457772609e-01 2.705389544561799732e-07
8.153305941748729968e-02 2.266051804806900131e-66
8.222216127619824677e-02 8.726685121830981808e-94
1.097846715178694282e-01 5.209610450387449073e-71
4.380572116259515504e-53 2.696135934072943708e-131
1.429557963660762176e-101 2.554802363564359552e-139
4.377694887802518475e-01 8.389085100659338646e-85
2.919728224499391622e-01 7.313065582487809832e-90
5.392249523805134892e-01 2.729212113885643222e-87
7.933649013456181009e-01 2.693636563809558724e-50
1.354225360557487878e+00 4.229332507514804971e-83
2.265650488085254599e-01 4.379126053342039502e-66
1.317722374691364037e-02 2.717365313359947165e-157
1.472847269792065816e+00 2.361295586649387344e-87
6.530789802011248424e-02 2.670995538088791144e-58
1.483594414608995438e+00 2.204814109626765427e-76
1.006881095059409592e+00 2.233365900787519853e-78
1.600999136729110539e+00 2.411253250905559466e-61
1.020611829929044978e+00 3.976413359567540504e-76
1.842134578322575378e-01 9.420509567558292389e-103
1.587065490893829534e+00 3.780012521439291009e-53
3.579673192859317954e+00 1.789429690759643386e-73
3.523917523627829063e+00 3.666913869127282967e-64
7.928924338179546560e-02 1.820002490330200504e-111
1.239368969368960682e+00 1.692433146367466586e-69
6.007158416545952594e-76 4.927953703750329509e-97
6.954350440267598188e-01 5.670239920762553141e-31
1.555930605540992509e-02 1.686400000397781901e-120
3.873998022399344210e-01 9.815194539533360920e-68
2.152429322978557380e-01 1.607123358700245465e-67
9.092732024426681825e-01 6.387742186513728824e-79
3.552467836870994849e-02 2.071754749180429945e-16
2.092623434539748750e-01 5.388483696275112567e-80
3.006466130070274412e-01 4.064338205396027623e-10
1.223999068645549304e+00 1.462558482351511457e-47
3.837845039301804317e-01 4.479942033926988800e-81
6.542793824117885959e-02 6.473429674178797527e-123
2.290209949796404854e-01 8.494483434849091437e-90
1.068837116874443716e-01 7.455150669002998426e-54
9.189928022340897451e-01 1.825589778468022797e-61
1.466815619100735990e+00 2.731639997581788623e-73
1.220418180139373754e-01 1.367888776600896045e-45
2.824483415932268343e-02 1.729144149268887230e-27
1.879091384608676599e-02 1.437437009438097000e-62
3.036577917170030804e-73 4.240747391164104836e-93
1.885079487001823512e-02 6.814998849612610592e-85
3.994561698121545240e-02 5.800847491344625876e-47
7.689323269122434468e+00 5.319705960953980153e-72
4.578851836353297622e-01 2.464565992206695244e-54
1.073121357230559155e-12 2.423977693080052107e-02
7.582133686884848448e-32 1.322288961925304623e-02
1.869067718932684974e+00 1.326460479865779172e-74
8.486195435472607923e-74 5.124219028753448771e-122
2.814222019765066224e-02 1.146314916251338530e-02
1.320687471268953625e-02 1.524168362603025600e-137
7.907908497808615600e-01 1.449548592915135817e-82
2.315325862881917884e-01 2.836824133434770556e-78
5.317221494903652257e-01 2.465514440004194010e-66
5.741580172945381921e-02 5.216473457978224265e-68
1.559621673639930046e-02 7.817419286381363650e-72
5.622208588587646517e-78 1.522234750671722420e-138
3.504569448220337669e-01 4.972512395089974928e-72
5.724076670440744411e-125 2.851700275014249626e-116
3.287565152131237678e-01 2.063713832719067157e-79
1.369673977599591697e-01 1.253832996608409388e-74
2.809497762848741642e-01 6.784707866660277677e-91
9.355188130092269017e-01 8.177694084071386586e-88
2.058636761186574682e-01 6.490577693106395851e-90
1.553570206872570969e+00 8.139985219224969285e-80
2.430125917297949467e-01 1.189873704044722823e-45
6.361505191631883216e-02 2.360490746036561378e-76
3.117813701272147409e-01 4.621262906267739811e-84
2.197608500986588740e-34 3.627025648284266079e-115
1.365541442024455154e+00 1.655746184581184320e-70
1.193037181537830310e-01 2.684928813478937275e-91
4.031336207388707682e-01 8.224664041681334663e-69
4.630244942727284041e-01 3.312379237013600901e-100
6.661533578978425796e-01 4.347299941414806911e-105
1.474113027333533686e-02 1.980861035851728323e-157
1.999325080705653290e+00 5.164960104195163049e-90
3.616584971279777905e-02 3.607958816015153590e-139
3.596334826144919061e-01 4.625809155416202880e-84
9.730149868656585987e-02 1.167586432960191301e-142
3.198563666030453945e-01 3.737256749044563326e-91
3.105726013582963407e-01 8.043570965701977116e-104
6.519502353114643434e-01 9.535194419077783228e-56
6.334449860728569304e-02 5.687106279939125407e-102
2.502237141233603634e-01 1.743797052317825548e-97
7.305947300995942195e-02 3.006306570014858041e-92
6.967335181082545681e-02 1.943055082885035658e-134
6.792951616507551804e-02 1.620754177611024356e-147
1.574317095960352242e-01 3.096164291974295768e-152
1.509754004073029232e-01 1.027436206306460390e-107
7.304074631004386919e-02 1.015122606155605780e-117
5.575076763566075844e-01 8.124498192881447674e-101
5.298433590717675085e-02 1.353074103857406337e-78
6.253715771428974834e-02 5.075701986296945000e-105
5.308406601879293168e-02 2.224141787859211808e-118
2.891941009016378850e-01 8.649780238907193898e-58
2.105300903289648029e-01 6.335527047041917784e-92
1.650748173084332637e-01 9.781668632550679824e-64
1.095914789705094983e-01 5.831315297981372685e-112
5.621931522546227966e-02 2.285999703279571876e-14
2.035022875042681589e-01 1.705410908202774670e-68
2.631038284377849035e-01 1.001775653771469521e-118
1.775856095263433909e-01 2.556544676732595719e-97
5.288479409203081238e-02 1.043964125522581071e-117
3.168218577646351175e-01 1.606630448420790615e-91
2.237736124065106136e-01 2.450027415358405266e-129
2.450860305782912307e-01 8.155173005417180800e-80
1.670653852323865293e-133 4.141354826590840225e-219
2.134035566187349187e-01 2.516985731590873879e-106
3.044696977265420879e-01 1.398275939627959578e-98
1.404611167387325388e+00 3.114719353343675477e-77
1.825669071447811320e-01 2.176049701049561766e-138
1.958151511864365812e-01 1.948758318673207847e-97
5.162368037941335308e-02 1.635122622985668135e-124
4.102218719943346442e-02 4.005318059686053901e-121
2.617226399432433515e-01 6.442004252695622354e-106
5.527963768142343248e-01 4.863784445846219228e-117
3.130155676271910714e-01 9.171646583669039337e-140
3.530928545239330196e-01 8.678639862359680071e-51
2.698086911545994476e-02 6.199270629221053438e-73
8.785785626346860333e-01 1.362885877727591739e-83
1.215477857696759673e-02 2.724280047464424228e-157
1.102614292293736253e-01 5.884324095414425538e-125
7.024000641027451641e-02 1.087237607698570930e-119
2.196284258201926798e-01 4.289967057904417233e-128
3.748964179014653286e-01 8.068676412884284705e-120
2.025544916170035903e-01 1.496389132527489784e-99
1.370230420692539197e-01 7.008146212740029478e-124
8.129598188232184386e-02 6.666908949176909944e-62
6.216237558956163589e-01 2.829125530806198444e-80
2.319802072589447206e-01 1.267983840767708322e-135
1.474471966728359285e-01 3.417261319509751425e-105
1.985799755995607818e-01 1.297464627804906585e-86
2.500509459097225440e-01 7.036955636780983523e-36
2.754297973394796983e-01 1.635887376603471435e-81
1.185951846705435297e-01 2.348079636224713507e-116
1.261060137859951746e-01 5.108383446616623929e-119
6.874175208385963076e-02 1.657551982196736276e-50
5.986155786600712292e-02 2.515448167090373558e-136
2.128015525216812909e-48 9.017549043921871784e-130
5.435267017997175154e-01 3.372540414407359286e-132
3.617924584178058844e-01 1.399168531293298481e-70
1.724016851449834131e-01 3.907436680355338845e-127
2.048468388188030564e-01 1.373760215159513481e-105
1.303537199773929123e+00 5.759788834727845431e-117
1.466284510661000351e-01 8.071570271163041262e-131
2.034741793472409285e-02 2.489683014014386919e-117
8.201661702963449089e-39 1.423202564342314529e-127
2.299464757847431151e-01 3.754804761514891595e-147
6.502987815416462480e-02 4.950261473724259445e-158
2.267810662263472499e-01 5.999042172894103440e-167
5.786983274608450967e-02 2.242082659900452575e-119
4.846583400843541140e-02 1.934274849814272283e-126
1.262947404857476807e-01 9.607258574174637775e-173
3.785126096815141089e-02 5.271188243888524325e-110
1.699548242215624394e-01 1.387053489656277421e-136
2.264063893567773988e-01 5.312954802821628851e-125
1.407181030644732989e-01 1.186309656288087160e-105
2.027971652869317405e-51 1.502337654991326747e-131
5.488150875102579263e-02 1.086247672904222819e-91
1.349424840861949970e-01 8.914182091892260845e-141
6.064132585006090648e-02 4.358115614893199184e-163
3.415260082264360425e-02 1.191521802184080383e-188
6.570435840043669985e-101 1.214275555315035460e-206
1.287291620765742107e-49 3.844087123851024331e-210
1.291918192253296849e-02 7.703516327711767752e-196
1.564803197623451658e-01 2.039296519028636533e-106
1.560151634469085093e-70 5.066218258646077254e-168
3.800136266626812087e-02 2.628538491880460758e-191
2.077764868155122235e-01 5.712216524281576667e-149
1.784720958477495345e-02 1.498842132549108960e-157
9.114033697485115740e-62 2.480808252484875400e-207
1.456261704194734136e-02 1.489227939828024186e-172
1.464276990432025402e-02 2.374659921716909555e-130
1.861800727746542802e-02 2.379292177861883330e-192
5.773498196903113777e-02 1.458763798493856705e-194
1.741499646471689894e-02 4.415866989854586909e-220
2.126795571724347453e-02 7.031765006369206023e-212
1.445948738492967718e-75 4.476142325014038233e-207
3.050106627288890968e-02 8.198419366733280608e-235
4.859595036699833830e-76 7.307207575784735950e-229
4.831606316012375121e-207 0.000000000000000000e+00
2.716980141410650293e-02 3.356259060816246155e-173
2.761325365364654500e-29 4.043663584428476732e+00
7.189121393924257119e-138 8.047049898388093370e-01
2.869188486125448328e-123 5.605033348154326855e-01
1.392825010002665182e-187 5.033877126760027965e-02
7.512722817602008001e-130 4.351520828585164757e-02
2.451020545494383334e-83 7.074131412724078416e-01
6.829770632470444734e-84 2.275446299196653144e-01
2.070380755034651270e-58 4.544035503863622649e-01
9.468813701207592989e-75 1.386966133711556415e+00
2.452927680970538449e-71 7.246298565487789556e-02
1.872353285630489704e-36 3.190284486529949781e+00
1.392872566460749742e-97 2.580805088917049517e+00
8.329135739946247266e-151 5.372450929793702590e-02
1.216607277873152430e-45 1.053271205232119589e+00
6.590147844335103453e-190 1.711282294518399680e-02
4.229052813690616420e-124 1.273140441840795167e-01
7.864709611308588755e-02 1.410611913169920406e+00
2.012026110058072123e-02 2.443691187240022711e-01
7.176892407641800864e-02 1.055961016141849784e+00
3.108997457912705757e-204 1.788240363331448646e-01
9.687737610231559269e-57 2.020403110648528067e+00
8.849401828465893789e-68 1.568662709120227650e+00
4.244193094237873663e-89 3.002241362859490656e-02
2.166546703868402698e-149 8.237760510415047629e-19
1.364958024609415782e-135 2.043579503958247723e-01
3.613787815928715618e-50 5.977298203804461141e-02
1.279876889298628529e-91 6.026536417085572861e-01
3.926806209022153843e-116 7.679209521727409227e-01
2.574986371073481057e-136 9.391071975211029432e-02
1.093448356115151065e-07 9.088441818336097100e-01
9.991207100430887314e-32 1.184744395510883175e+00
5.592529013882264720e-112 1.061058246455844234e+00
4.985114902363253513e-74 2.394203325077031985e-01
3.189295600824848531e-02 2.561429682585784295e+00
9.356978411273643867e-78 3.306315493192289456e-01
1.736415170021394479e-98 3.988651406219480000e-01
1.170087083052399019e-198 4.386263850174448170e-02
2.074287101048865045e-01 5.775805618982656320e+00
8.354204621198104842e-83 9.097817050634222635e-01
1.060270113872898614e-101 2.335914843457318757e-01
2.165956730893819877e-65 4.244348002439490286e-01
2.390001359057692836e-151 9.462989856824532975e-02
1.851563191525392232e-144 1.066385288875486559e-01
6.216674741725230515e-87 9.971326489197549492e-01
4.740272055933748364e-181 1.599001580948621326e-01
1.353860574409320448e-15 2.381127659983350853e+00
4.681214152633865477e-02 1.428224258683471248e+00
2.935419918075755964e-86 1.182164516413441557e+00
4.014676213677052800e-63 2.176908749121495124e+00
3.612067172903064449e+00 5.488598126513823061e+00
1.815480091605674653e-02 2.727971923518369923e+00
1.398214262910478720e-22 1.341801472406041862e+00
3.761988223614768145e+00 3.892724520671847266e+00
2.746717260089625546e-44 3.173477181797495827e+00
5.743295399290777622e-127 3.390404639100124129e-01
1.210513061623882052e-139 3.658128570375657196e-01
2.648313581311010261e-42 1.557279083290971089e+00
8.480612996786709633e-95 3.684153029280019115e-02
1.315496338584491581e-183 1.734744423156313886e-01
1.382979816348216324e-71 9.155208647393546784e-01
9.890010944802883619e-02 1.278063706963012081e+00
1.441717028317305523e-50 1.092440218217246128e+00
5.784114273772856006e-24 1.807567136361499724e-02
2.251101830115444439e-197 4.290657287599785458e-02
1.474931879107894305e-61 1.573391859175294616e-01
4.771737397999382436e-03 9.904644456376484607e-01
1.131424796929179397e-36 9.242584762002897136e+00
3.410990110333762849e-135 2.498442952039489906e-01
8.862455487518559246e-111 6.389485969233574814e-01
4.231302655169984978e-131 2.068499586070373375e-01
6.735735378196679123e-116 1.223488801079548882e-01
2.286763741002506353e-52 5.702540023454580331e-02
5.486084289731057995e-01 2.437782755075718732e+00
6.135678856509448548e-121 2.605887112077006629e-01
3.369695320734608582e-119 4.758959789193114437e-02
4.148999359857839186e-141 3.678171488426740243e-01
2.517926677913186022e-32 1.860231369776031540e+00
2.780412837215022674e-91 1.242694875183269598e+00
2.789323040713105674e-100 1.757331974665738095e+00
6.592050028324770084e-64 1.447695683317284043e+00
6.722537864838231099e-19 4.467957784463248427e-01
4.015344052393054679e-130 1.315785965046357975e-01
4.576453586989383204e+00 2.412302232850436656e+00
2.116831307832313724e-71 8.725142090052255828e-01
4.080575394196543777e-102 8.685723307773950408e-01
7.941017243803602023e-15 1.741854072664865694e+00
5.966062914003565905e-72 8.191252539701148194e-01
2.330445129661496651e-144 1.007851041465648578e-01
2.017384371641450750e-57 2.931477388058349818e-04
7.165157446594617514e-91 9.125571727008926493e-01
1.263634173159894723e-182 3.223140708408816931e-49
3.383186229001018437e-162 5.767350120568546373e-02
9.377608764722234974e-170 5.705063878127051430e-02
1.274969589217092479e-08 6.806846525419515181e+00
2.669302933433676609e-175 1.041197227191071328e-01
3.385380685637762688e-161 2.112612945171530449e-02
1.274386964707591616e-82 6.769847013238704525e-01
1.854700246522088012e-100 1.562472788452061057e+00
4.209501911040644312e-134 3.069267363226082027e-02
4.084650269524289778e-01 5.569287948708034897e+00
5.682384593468255170e-218 4.103524019754777946e-77
1.294985084718106370e-139 2.156231039432356458e-02
2.400402604394607553e-31 2.678399862366939388e+00
1.311414074601195434e-61 5.520117828168896734e-01
1.885566053082541604e-01 9.109744454133419378e-01
6.060886669075512834e-108 5.892784064836185109e-01
3.223109008182787076e-111 5.562493747367149854e-01
1.700893588797255212e-134 1.293982279820260206e-01
1.122723163310689511e-69 1.042775011812050234e+00
4.244085315150944594e-06 4.588558155125483040e+00
7.136422077162904745e-145 7.531917515411547407e-77
2.141097054811724644e-106 1.758841500860602314e-01
9.776542172770853745e-02 4.989641595109841066e-01
1.966631668098374603e-83 1.097592721722174369e+00
4.073581491997665193e-55 2.081810980409574616e-02
2.547272883988467766e-78 3.014035401782153567e-01
2.897062346601874307e-82 1.031581370579933044e+00
3.830297786156128694e-29 1.101284176738019926e+00
2.854899179604986342e-175 2.689921406122358985e-02
2.560847264453245332e-110 4.086580921089737473e-01
5.362942138253125511e-65 2.048999634063766173e+00
1.647882885493906213e-01 7.165834586874090251e-01
6.507906718865447465e-137 1.911761436071483800e-01
2.701615394995821727e-92 3.583506240017356959e+00
8.876262802871511876e-112 3.036228036592835688e-01
4.594006479375005289e-236 5.189190120989492505e-02
2.348174375424887037e-78 1.380893488336121765e-02
3.141042134584894341e-01 1.087923229567066663e+00
6.072748585937965319e-130 1.630132334158133911e-01
1.739108584735904245e-57 1.215170654167033515e+00
3.447552623345090283e-43 9.101374344325890986e-01
3.769741547302373763e-01 1.119393934050675110e+00
2.444202929701454281e-17 9.739926470265353187e-01
6.358441864105240868e-169 2.321589090713644873e-02
3.249421143481383858e-38 4.884537607938629122e+00
5.007467286606419685e-216 3.215723576191647265e-94
3.771692289932930810e-94 9.268598972449180184e-01
1.071378783767681818e-67 1.452802077443463347e+00
2.745879910902927854e-03 3.984785839341182356e+00
4.931430734703067670e-02 3.449766410510087589e+00
3.209346102702918695e-229 3.233129602972071442e-02
1.328397453786213797e-137 1.533261342853741160e-01
1.236336954137789024e-57 4.992586013768934627e+00
1.449725771028420413e-74 1.003989646157125437e-01
3.828324695246257444e-91 4.797338469709858805e-02
1.084899550259969346e-93 2.662322036704672587e-02
2.127752326686610824e-43 2.265559389725518624e+00
2.525222053321733717e-02 1.154870168030166511e+00
1.315953967588786711e-47 4.085345016125049855e-01
4.347434379491637011e-135 5.879155930050663503e-01
1.406421624983315628e-74 4.631861027585377211e-01
8.035291198647213220e-97 1.474114802079167785e-01
2.880064703870953584e-62 2.502999243530249496e-01
3.583745647701270321e-73 4.223414118009998219e-01
5.704269884441908770e-148 4.384664515822792041e-02
5.790584494963621151e-35 1.338863907480345672e+00
5.536179356579564026e-21 1.209626546625194532e+00
1.124323864134189329e-25 5.274995997527268665e-01
4.213775686876762294e-01 9.020649291735854194e-15
6.747134377546612790e-57 6.685194135401996141e-01
1.165292953253386463e-207 1.346138901640499264e-02
9.466977096229871292e-37 3.364264489455060403e+00
1.749536039815398596e-152 3.181807425858790839e-01
7.219851016005899263e-89 3.286028561261463143e-01
8.432741704623601422e-98 3.806679885457985024e-02
3.171445746124660227e-119 1.397753406996952996e-01
9.012928595577321948e-166 1.372316445697736170e-02
1.686779937194426801e-166 5.577767523271295186e-02
3.757969818496085238e-176 1.200872539343818546e-01
1.893082395391625361e-290 3.746966281480302640e-162
6.220989237762969129e-112 5.595686345730412903e-01
1.160382822546897168e-143 5.923381966533939084e-112
8.571402296734879953e-166 3.979764528151873149e-02
4.377674321742854012e-117 1.772536461832259144e-02
9.354725719654243782e-53 9.401860769313018507e-01
1.243555137981114528e-01 3.844658797452510157e+00
2.048002893395802496e-205 1.660208188527600298e-02
1.179259627959223464e-107 6.485704132021696822e-02
1.984722603217522908e-88 3.215737642483771919e-01
1.735981349135476325e-153 5.953143390541608682e-01
3.795349106342228132e-177 4.247231972341723033e-02
1.901155060580819099e-206 7.023762366441620164e-02
1.502436899935116435e-201 1.273584175195867423e-09
7.779778470659305896e-99 1.997887661889901356e-01
7.870891753313931864e-101 2.152693193430522955e-01
1.427401585808349243e-102 9.710724027992657936e-02
1.230843450161440314e-250 1.388125026153074447e-02
6.115816258025384922e-89 1.765275512083702009e-02
4.006942719829014911e-57 3.210626288159152547e-02
9.924111789079237606e-104 5.786470542955959168e-02
4.886047705060573449e-218 1.296172298429415157e-02
5.544658233209000390e-304 5.367968044235878870e-157
2.891845733203668889e+00 1.109825893636283745e+01
7.153123525944465316e-66 6.632993325252781736e-01
4.679132662840679547e-304 3.663346998785382248e-196
3.946356878084319231e+00 4.324730754259056731e+00
7.961505075376734068e-45 5.967115380044891726e-01
2.302898774619421385e+00 1.923022586973343273e+00
2.411748240718605293e-12 1.872833489029090082e+00
1.995818285911210532e-09 3.432920659410231057e+00
2.221024421402099851e-52 5.094696823517974593e-01
7.175425970623176974e-69 4.983094913457575270e-01
1.657010122333460803e-02 6.651487785083585180e-01
6.923763279406266906e-68 1.838617332288058556e-02
1.559992330508961491e-96 4.784371392293198522e-01
5.833175605973696421e-151 6.093053865458306073e-02
3.553086368119207084e-02 9.835119127476799061e-01
5.630635813570275572e-69 9.792840284595250022e-01
7.606998313753418827e-150 7.671093079100999024e-02
1.586575320709676476e-167 2.052011652168744121e-02
6.671751127810542414e-70 3.493635489572048392e-01
6.436607330068243500e-10 1.661415067324899075e+00
4.664936484122666564e-60 2.656195052593319783e-01
1.045998029307920507e-04 5.107360742025647271e-01
5.443352490181279535e+00 5.139567717092553834e-02
1.516809354642040635e-75 8.050945950821380981e-02
2.191346249848675209e-01 6.824495857553910527e-01
6.137744293108438054e-02 2.272613384617692966e-01
3.924845145365448242e-67 3.246882087771568171e-01
3.490872605775435122e+00 1.356302687181388356e+00
2.938988878431778724e-97 3.284710019663454328e-01
6.116182365183516411e-05 8.177648061490216946e-01
3.919739720273101933e-101 8.553872127163995864e-02
1.948427195768274389e+00 1.049844231407377038e+00
7.495742021332081617e-02 3.247683302936318350e-01
2.123975174991285866e-02 5.709622142328375505e-01
1.480666006653285888e-25 3.806206766671364483e-01
9.399308629308719456e-76 3.193062831692380921e-02
4.594947225735258600e-01 4.058525968559177355e-01
2.444726352830797812e-129 7.859042118129272407e-72
5.073591031916587779e-01 7.789339577185501184e-01
1.975111876062420752e-02 3.309666919207946423e-01
8.746640836301435031e-103 1.068739900155221273e-01
5.927211707063946190e-81 1.054973187681787217e-01
1.926504041686905727e-02 5.059019089717825546e-01
2.429071861689339443e-05 2.085463161370081142e+00
1.491008829011297526e-12 3.261551517520426269e-01
2.670484504834094025e-02 3.983268438671732081e-01
6.344104908383188697e-03 4.362879276826258645e-01
8.064291060226485146e-66 8.302272293834841999e-02
5.081324417607552268e-01 2.135486086117752980e-01
3.833733364235294335e-103 1.819960535478387708e-17
7.172420220092823311e-138 1.376294781028316976e-02
2.911326032893251595e-03 1.855490514670084801e-01
1.662970054929839847e+00 2.484610114055362806e-01
2.101071841338567278e-05 2.059017688986763683e-01
5.799444484440573200e-02 5.002345177167838441e-01
1.262516316291710128e+00 1.599427299608411346e-01
1.212916750160727419e+00 1.414811242273952274e-01
6.611037267748625159e-54 1.043277934180806971e-01
6.542236399426483162e-01 1.330183153693819120e+00
3.086541896237670843e-43 6.662115516182368080e-02
5.651353673484259960e-02 4.898284332973860122e-01
2.880594621582398631e-73 1.583892079353730817e-02
7.796584117101466871e-02 8.051597313654842436e-01
2.087139978811560284e-02 2.818981048118603810e-02
2.854320809932020531e-01 3.137751627974292856e-01
7.193276205263186895e+00 4.529801781057543608e-01
6.451830560235621626e+00 6.192513716526260037e-01
7.458332447218853772e-03 1.011369591730226364e-01
5.039259278461648284e-02 1.987193059596687739e-01
1.706808775174819270e-01 2.266730284291826880e-01
3.408488626375126174e+00 1.483466479428841300e-01
8.195059920508297735e-02 9.878087217475537418e-01
3.085591444124744402e-43 1.051673664062682256e-01
2.656852347861963445e-15 1.899501191698756142e-01
1.078379500353724874e+00 2.185786143785882762e-01
1.063541464432888727e-03 2.345239017668205028e-01
2.555654198498151821e-73 3.262554561619899346e-02
4.749961167183081479e+00 2.537228616073629263e-06
1.599616481653393096e-02 7.873996134712110684e-02
2.574675538563275801e-01 3.783661994405639883e-01
7.098181087545341050e-01 4.729084058313363648e-01
7.010607987535848413e-168 2.623433692171477441e-02
1.593726069082845170e-02 8.193484581525817267e-02
3.689905540407357025e-177 1.171588077895254383e-140
1.724574681709780043e-100 1.608645351030912191e-02
5.025325872427876492e-08 4.817787375668625138e-02
3.985986645834172643e-02 3.253124550507264373e-02
2.487289184617798071e-54 8.196841980084258739e-02
2.390548525918957945e-01 2.984254533194325432e-01
9.526736385412187452e-24 3.993753782847967587e-02
4.290847668094672672e-91 1.331996273727389761e-02
2.768002854753703890e-02 4.104193035521324501e-02
9.563021452508894571e-134 2.317191130270197848e-101
1.342990436115740094e+00 1.186842444495726373e-01
2.474637596359177127e+00 2.876845627755382703e-25
5.068358284405257531e-34 9.578683204943443108e-02
8.563494407655603338e-03 8.016847552792683018e-02
1.073739541576945872e-01 4.444597016004188128e-14
2.665221730328106441e-10 2.492858476543485247e-01
3.700716478198853299e+00 9.468422736002670911e-03
1.263299314303024945e-01 3.912665258755074205e-01
2.016021721348473791e-29 3.997843475787305617e-02
2.170954246247499214e-40 4.910781674318443618e-02
8.434278254376489620e-48 6.676791233947776405e-02
6.595664364834385118e+00 1.536655280010870983e-01
5.960080506310732702e-11 8.512481365110947939e-58
4.910322125158015846e-04 9.698159168171203992e-02
3.412540106137987861e-01 2.230992808067300270e-01
1.330924649479337196e+00 8.388140166271101927e-02
1.596693120366789176e-01 3.201825396347776076e-01
9.852949184849987274e-01 3.066749877506892985e-01
1.859454105040423896e-02 9.566841202318683568e-02
2.495117190181215805e-01 2.868863984353624552e-01
8.081770149097440570e-02 6.516653902576262001e-07
2.161348490104036735e+00 2.242137295875960198e-09
2.548335186725693077e-02 2.424284490372101974e-01
1.006526211021778749e+00 5.775279259333827575e-01
1.712970193431450294e+00 1.104500039640271408e-01
7.077013352465909291e-02 7.038162465641599475e-02
9.384811970193990965e-03 3.314034229980789698e-02
2.765709971104663989e-01 2.341396192426062339e-01
1.562320134826976001e-02 4.145198618096961873e-53
2.136479551951957212e-01 4.078393664227670246e-01
4.488156188674903892e-113 1.368363687871648575e-02
3.514510919238408970e+00 7.935342917897798831e-02
5.497024935751678582e-02 9.273109843938454055e-02
2.152930138022208506e-01 5.056633543744392528e-02
2.130826700542160612e+00 2.056389628924489722e-27
3.562524589418868820e-02 1.167713627944783894e-01
2.931135867771528236e-01 7.037205930533853293e-02
1.872326189171331201e+00 1.440535791251026654e-01
1.817013121340994158e-02 1.900634542896354959e-02
4.680380290546862517e-71 1.353951864851610058e-02
5.161691103386637502e-01 3.671434052727252650e-01
1.293789428997981217e+00 3.626561669786380615e-01
2.492143857902927806e+00 2.096574242765438523e-01
2.843283428401455028e-32 4.109675184015343374e-02
1.867984465033547536e+00 5.316798040065935466e-12
3.040351351584025696e+00 2.031699926506043974e-01
1.558940135225269641e-01 2.516025732296816586e-01
5.763361774355997724e+00 1.721787123464592967e-23
1.405172162101156808e+00 1.416490606164784490e-26
1.146606541900551668e-01 7.928195179773726842e-02
2.096103523940654190e-01 1.876141870520984523e-01
9.089415776998269192e-02 2.753092121539248149e-02
2.333295695065870756e+00 1.443326903591705609e-02
6.903553836425358634e-79 2.603344625515384425e-02
3.110470022674707152e-02 1.687669549274735115e-01
9.089497592226420952e-01 5.219953820181605364e-02
1.615306573796074785e-01 3.494745102280020360e-02
1.346565300951436006e+00 1.165911956816791523e-01
1.789283615265475080e-01 4.590535711310891193e-02
2.211903152825340257e-72 5.325458013570430017e-63
5.510391220937722601e+00 5.767376946156140688e-02
1.387992700019929915e-02 1.539207336841980132e-06
5.774660292901324654e-01 9.131352408849401081e-02
5.281875016724311978e-02 5.653932024057979542e-45
4.647700663268517829e+00 3.372382219057233136e-22
4.935727877479998971e-01 6.407790948100909480e-12
4.429251698081501654e-01 2.159084460941869052e-02
3.681398805227396043e-01 3.918982684856239795e-02
5.461751327094506170e-01 7.242116285322183766e-02
6.718771876157329792e-02 1.441228129123299506e-01
1.469335600690254262e+00 5.462142476261034468e-02
1.007415960169409042e+00 3.806081571319000489e-01
1.489309044583741748e-01 1.673532908725557655e-01
3.784459172446871106e-02 5.512059156716774683e-02
8.572996490186642060e-02 1.817820880205475442e-01
7.722374251129004996e-02 6.820816822109926266e-53
3.900281185692041408e+00 6.911019312717808208e-10
5.111753034223363828e-29 4.506926450363486769e-02
2.097298604939474564e-01 8.947456477625704683e-09
3.600480359014098658e-02 1.963779209372051859e-02
1.326305295827865001e-02 1.222502425771776306e-02
1.427741272581586618e-01 2.606994445175407973e-02
7.268077358004973454e-02 9.585731881374623398e-02
1.173702779749157932e+00 6.434177548653948273e-09
7.490848017447709548e-03 2.098753463681635872e-02
5.368303421528922842e-02 3.316514452819010263e-27
4.485488173826466252e-01 2.301176986752188555e-02
9.384362587326648313e-123 1.268154841286462178e-02
1.977970653360140885e+00 7.671496721229538462e-02
1.432819113045974868e+00 5.744595197196231047e-32
4.610476412973921190e-01 4.044606395979816802e-46
1.000023282849574535e+00 8.361153108828372605e-13
3.126598819573241927e-01 1.256718059013939898e-19
1.849743447076438230e+00 2.198377065294781010e-02
1.230444145796302374e-01 2.642215456320788358e-01
9.501163592538205303e-159 4.778787253434495256e-149
3.765996054518159775e-01 1.581375723939076189e-02
1.082767006827500648e-02 2.561646785240728197e-01
1.102834208529325372e-01 8.061112037342287040e-02
1.011416861378020143e-01 3.564955662838405204e-02
1.533823033121864757e-02 1.852746563192087475e-06
6.803794972023611950e-93 1.324055595531159306e-02
5.081889450913376294e+00 1.224814078635030088e-25
7.314079469717132964e-02 4.679711769450770054e-02
1.197996439353151921e+00 5.202017114963860782e-23
2.173869554607436694e+00 7.118581699178189256e-37
1.051835302867653879e-40 1.617052701928199665e-02
9.792932462480744308e-17 1.234138439439155105e-01
1.161323665657765458e+00 1.830547962722088931e-02
7.365283671570578505e+00 7.313328277789216299e-36
3.048611670233979803e-02 3.471465639413245286e-13
2.537296559708035026e+00 2.574378951290184556e-02
1.386854624469239794e-01 3.271044424246706094e-18
1.753920019955751641e+00 1.411908348731573573e-28
1.987724037775463748e-02 1.787339689408513899e-02
1.221774329361546396e+00 1.827214799862356399e-23
1.879057981035094915e-01 1.435004736806985333e-49
1.974050532572073857e+00 3.292059033374111675e-41
4.896234327196784974e+00 1.552717964046177970e-47
1.147561006271927142e-01 6.171441513613521584e-02
1.633395596645861314e+00 7.596014264621269456e-20
8.777010773326267279e-02 1.119571948145651406e-04
1.699587422227105404e-01 4.419737116853975231e-33
4.245305914917448797e-01 2.683429126204285900e-60
2.718041346809112468e-01 2.519609986005016532e-46
3.956743542493825794e-123 9.229978751681144719e-136
1.188805702890316368e-01 1.783322318296542142e-01
1.005464496577461952e+00 2.142456744727843883e-54
2.284670159250404620e+00 4.054102513245312291e-57
6.371219692739094054e-01 1.465814156056438090e-02
2.113697493611890466e-01 1.927402468529641061e-02
1.928968378249806159e+00 9.697485060656039097e-58
6.907350358640645949e-01 6.021447444788150715e-51
3.209127895417332392e-59 1.708365573570992488e-83
1.978190357882188888e+00 1.024612302108416238e-56
3.181240647967552293e-02 2.904269337012596067e-12
1.139513847488290210e+00 2.922411294320093534e-43
3.268695999703459222e-128 2.449023791516002141e-125
5.787182116847464641e-01 8.528826929836853206e-28
5.910874728010856449e-01 1.103416445423366539e-02
2.516121231573900552e+00 1.789462103598179047e-33
4.575032122498296633e-02 1.473729257295438265e-02
2.932605900555231311e-114 6.843101607322915207e-131
1.728134794917838835e-01 2.933387181386940337e-02
5.243245923374113132e-02 9.654911822405650920e-03
6.792248738806191954e-02 5.337891440019656534e-41
7.658371617884370819e-01 2.075263110922509552e-45
1.275673534030226319e+00 5.143761524298925877e-67
1.196227548248410155e+00 1.041372989623428587e-48
1.083069215714086986e-01 4.763895844766908092e-15
1.984450766317536197e-01 1.532587370941861094e-02
3.541849379920700147e-02 9.803395313964804356e-123
3.022032204698399394e-01 1.256179120252460167e-75
1.562557344030169437e+00 8.484238504491302060e-83
1.919765063804666073e-92 1.738917730458936900e-90
3.812736655585657330e-01 1.879743489630310589e-12
2.721484609279918310e-01 1.672550355372666789e-02
4.358470046456885405e-01 1.706852887532669161e-22
3.501553599421423080e+00 5.298278305535741420e-74
1.873999193929765106e-01 1.136344447246725882e-06
1.562788936073078450e-01 3.457940106407494140e-58
2.881396533715925301e-01 1.179833443723859906e-64
6.605036147031793092e-01 1.480821361164834371e-02
1.606658002352058245e+00 1.666722326842491881e-76
2.371618439925587685e-01 9.065881868251970752e-75
9.129029016323270129e-01 2.497373233278090662e-62
2.564055457677208993e-01 6.002602120484915182e-86
7.880487095027516320e-01 2.226727170984533696e-02
4.499734588901230931e-02 1.609561081154379913e-63
4.773156206986756134e-01 3.484417758260646799e-90
5.759749683042660884e-01 7.090963024395918769e-99
1.443466395856909834e+00 7.710134506917733837e-91
1.055274559969207326e-01 9.284479906456270585e-73
4.858482617802013515e-01 1.014754648517182616e-101
6.393298414552562869e-01 1.673172589868573975e-98
9.694912425557882241e-01 2.987141603458064670e-67
2.621973087766762966e-01 1.117428843322590926e-91
2.708117447992078874e-01 1.486390205709293158e-62
4.104418729357101059e-01 6.500194807127849433e-91
9.988046009029379058e-02 3.458159016022079135e-47
3.159506636670595725e+00 5.582470556249519829e-81
9.693259335979736990e-02 2.174016371251248386e-82
7.345285430549722272e-02 1.742918815644794110e-119
8.020461907051107397e-02 1.538397772261298451e-111
1.552828226469777473e+00 2.663384204944342329e-98
3.630581758029956937e-102 1.814332125734122748e-171
3.519716892076216186e-01 6.034057382838958014e-96
2.048508486777784743e-01 5.399394141846931775e-105
1.555217753607908981e-01 1.508539111249410868e-24
3.003248274863495326e-01 3.865359915843044955e-101
1.159499005190042231e+00 5.919614845973942442e-80
4.654375738829063525e-01 3.415735141482478323e-87
7.206221674327759064e-02 1.670462646253805653e-88
1.004203847517535220e-01 1.939576213350624584e-111
5.535217959650361175e-02 3.302751564479267733e-114
7.324179071730677615e-01 1.799633536930396979e-88
1.556428594595231640e-01 2.675014225316776842e-90
1.157392234826210009e+00 2.563344629439642215e-81
1.549930780034925459e-01 1.292427175427705711e-54
8.908282116000623696e-02 9.791517105721909369e-72
4.447325449519109464e-01 2.199826441235505658e-76
4.600094101209939446e-01 2.295236457660424386e-60
5.802745166055423010e-02 1.769023782455293389e-02
7.793391276825983871e-01 2.818232962042244251e-106
9.329479418341923846e-01 1.179285259736462607e-73
7.192167159384695863e-01 2.260188085451802329e-91
8.311837201750632564e-01 3.297357593482154734e-86
6.599436183626931907e-02 7.861687098046330480e-48
3.163115820926233890e-01 8.607440947118699739e-80
1.184594967227296236e-01 1.823094412647582605e-23
1.585211624192418567e-01 5.054216723761345436e-104
3.991576879470959960e-01 1.948236049466341364e-64
6.099749442368431154e-106 1.237803944480431011e-02
5.295549691891009436e-01 1.320985593182462254e-84
7.766637358894487031e-01 1.320530116336359187e-46
2.353842903544560439e-01 5.152474683396586541e-93
3.766860717569012196e-01 8.037280782269537586e-87
1.595810632919117122e-01 2.185066987645651118e-02
7.964759595871293008e-02 2.333168874935092234e-123
5.621854157457957246e-01 4.034811868874130863e-82
6.012389399268796009e-01 8.421732993719182080e-100
1.481795499093796487e-02 1.660314227494390159e-60
1.380114693699383277e-01 5.435270387972173194e-125
2.446167077756616237e+00 6.905183405065219809e-100
6.144141255675642510e-01 3.540222136507735782e-109
4.076095660203952337e-02 5.041790480069740602e-104
1.853795884626805668e+00 1.810084305934085178e-105
4.806416013595387818e-52 1.243535851710469466e-02
2.515073769405401505e-01 5.849408939002950835e-116
9.384414799468433765e-02 4.314690156538817795e-112
2.593775802810388775e+00 1.077095607267847912e-113
5.342542059268431398e-01 1.751452351993173805e-102
3.051117529836935849e-02 7.306828066762911417e-140
1.308725220798354245e-02 4.725468086486322837e-201
5.703118716359859008e-02 1.377126877839996705e-132
7.178488124640552368e-78 1.097553752900958961e-158
3.411543414667328467e-02 7.184803437394332607e-120
5.175115065284578014e-02 5.084621342640534730e-147
2.493702578692714444e-01 6.651959839866397909e-130
2.984626796896654444e-01 6.695059408056724385e-22
8.156796922820860466e-64 1.390847017441589206e-180
1.514157329788043405e-01 1.661687302908899022e-112
2.182362974145131212e-133 6.893488555532743728e-206
1.141395586726095646e+00 6.086813942650226859e-116
3.797138961223662790e-01 5.602996582735159262e-112
1.036314822498386690e+00 3.004898617679161052e-130
1.185218957546656793e-01 3.169917449786312442e-70
1.613376820535197881e-130 2.690562598248673524e-217
6.988535254380675577e-01 1.775154586169795892e-66
8.431412346823364823e-01 2.216293547378034500e-97
5.061575545560317857e-02 3.846945843411155249e-81
1.017447440247454399e-01 2.109384255405320789e-113
8.854067268738047242e-99 1.690859595456361127e-143
3.435852522552655941e-01 4.457507998706206890e-82
3.795475018919182708e-01 1.358085230581493802e-110
1.843437842638101232e-01 8.138361960595441482e-110
1.712541420277104320e+00 7.109777447195386841e-108
8.660258707270042100e-01 1.861728044552948616e-93
7.388252539194907487e-02 4.162944476248015789e-155
4.825283971707131636e-01 8.701397900626053606e-116
1.589921275760587394e+00 3.593613736426816831e-97
1.968736301350423291e-82 1.057226644792595069e-170
3.017095416202869584e-01 6.653530216946456625e-102
1.506076397874339667e-02 1.308383706232540558e-55
3.540960797097981727e-01 1.389402439540466884e-141
1.606052976804252796e-01 9.376201577285594039e-87
3.103419320334583134e-02 4.039169052803820065e-83
5.434219883179419730e-02 6.237273001603968859e-110
1.312754201567676582e-01 1.153294396513092406e-102
1.073509540166215637e-01 6.528845643073007012e-90
1.042068915347114377e-01 1.236715551339402690e-116
1.167995696676080997e-01 3.311235247384218795e-49
2.732360986666271807e-01 1.110759248783460544e-76
1.521403725599207042e-59 4.880059417562468347e-199
6.853726014329206140e-02 1.137343116995913715e-157
1.213674271441260999e-01 3.933636874045436966e-40
2.897817963403089836e-01 3.546959367095405627e-89
2.658986616258117441e-02 5.483421596765975742e-161
2.262878723018940941e-01 2.833407911815068725e-93
1.890514773163506357e-01 2.355106047221335267e-95
9.329691369838441162e+00 1.123607292528950592e-89
6.067242588118892943e-01 1.194953318768845558e-76
1.578529250775542181e-01 8.516351973263301012e-81
3.491124463034314118e-01 3.328049927444685454e-90
1.121635071944086182e+00 2.536835794865697035e-84
1.526219615330876721e-76 7.600322517521458810e-152
1.504255428017565732e-01 6.701405446174239600e-136
2.924410328705748588e-02 6.019917188029153723e-187
3.654338595968634196e-01 1.153332230684159508e-92
1.458113704030979951e-01 2.710360444627734001e-144
1.682543535859666595e-01 3.151195441309346650e-106
2.809631439278760801e-01 7.463834664638417557e-109
6.084547060268878649e-02 1.435318066498917424e-106
1.616749884628642386e-01 3.372568296544697852e-89
4.875601484961735593e-02 5.473579947779310831e-132
1.037133956364792109e+00 1.610092323197615816e-115
6.036432086733597276e-102 3.277952810435913443e-193
2.361753627816179293e-42 6.723679603727674677e-169
7.481625904133246130e-02 1.088135827912036977e-113
2.357507847250694677e-01 2.359334096201766042e-86
8.118901824406246082e-01 1.122251606093821846e-94
1.179314843549379432e+00 1.800817209136087639e-97
2.451611561833116071e-01 2.612558990408326725e-126
1.596572054849919320e-01 6.837448129390787697e-139
6.315841763870305714e-02 1.086249668126952360e-123
2.775774109621902408e-01 1.079380537309761994e-120
1.134233513188726450e+00 4.163445804971168014e-104
5.767096288215317612e-02 1.074679190979944269e-130
3.106001030673001817e-01 5.725011579496331035e-104
4.323314453542052016e-01 8.082582523886575811e-147
6.407320532645911781e-02 1.609850967143139070e-57
1.905392201838630728e-02 2.142097993376588044e-105
2.641520737011656683e-01 3.501474985550049138e-10
6.916931849654577781e-102 6.592169096837555911e-211
9.368483551947580645e-01 2.892738143719379596e-114
5.542018204764821016e-02 3.947566762681747891e-102
2.087043152133666035e-01 6.208420112072770473e-121
2.199836169072213465e-01 5.882494614860544507e-81
1.896728876033827449e-01 5.932857829169997019e-124
6.491965880550780721e-01 9.621057857631507974e-98
5.591490428468198770e-02 7.708998767467987151e-178
3.593370990669383924e-01 5.087596916189261240e-67
2.107789357093818317e-01 1.005498352168037548e-127
6.893706691169969449e-22 1.211715644051074893e-113
7.996882882391037491e-12 2.392301304554849184e-135
3.147792266457616339e-02 2.377162563033833263e-151
1.066862106790276016e-01 6.867702752557149113e-137
3.426718809538407129e-01 1.256414641210059503e-141
2.548541127946504226e-01 1.562963572530385633e-123
1.625493750587295866e-02 2.135578395143398460e-06
1.395802580730315101e-01 1.052488835771392101e-93
8.657765846703552315e-02 1.156962339291408848e-122
6.193994873784717387e-02 8.786804972108115895e-124
2.127201330042609306e-01 7.384547607527968133e-132
5.850598888870749414e-01 3.171367153344877062e-131
5.392351762569083107e-01 6.579048764223470481e-102
4.225175441337232773e-01 8.451360359917937280e-127
2.256609951704683856e-02 4.001491607794624578e-139
1.653894808761678936e-01 8.918599095635327948e-140
6.153642258422787892e-01 1.085290935701004554e-101
8.060649287804261265e-01 3.675978437355551037e-137
2.650050485178682136e-01 2.100338993977373470e-134
1.344318369738498609e-01 1.298138265254498086e-138
3.772354200162567617e-01 5.941375077130883830e-131
9.039192123546127555e-02 3.941161404258860986e-153
3.954528984698386096e-01 4.128054690170430530e-118
6.203523479228905541e-02 6.476142661014881898e-164
2.470428146007805359e-01 1.217611308440078936e-153
1.096343589441786809e-01 1.430974609258730602e-102
5.658114340487738897e-02 1.154576031013864691e-195
1.720290911015550999e-32 5.566493264989848793e-171
6.025438002724618075e-02 2.487470009446621280e-181
9.331123877466200589e-02 8.620216118410148847e-167
9.960590324529144945e-02 3.563828817764428008e-134
3.261885793326246286e-01 1.580116318790238680e-116
1.953395178050837781e-76 3.790477085355124655e-215
3.527382865924478389e-02 1.995465313847472434e-196
1.160979748319946048e-01 4.421894448869186474e-158
2.557265353024620880e-01 1.422204089422769919e-139
5.377887842328599177e-01 8.453667941273073263e-121
7.217333504335848859e-02 1.380454886254788564e-138
4.147019056798150958e-20 8.791361653724057312e-130
9.118206794077180975e-30 1.284021910297969225e-179
2.718801536258577678e-02 1.245326533067773097e-139
6.704420840261775261e-02 5.302912871643354565e-130
1.537974290202413774e-01 4.236261178505632146e-122
1.214068079404474892e-01 6.615248655049306567e-86
1.453888935983192188e-01 1.008524832763988486e-87
8.483362598125755484e-45 1.031257829577593722e-119
1.734113434606887952e-02 7.113316611501739830e-179
1.212134475335120559e-01 2.575355152224939547e-140
1.851145046613106027e-01 2.569595962332551987e-172
3.727057655267869418e-02 8.284591466142944004e-186
3.748751982827104590e-02 4.540774436409729323e-116
4.182483960084619201e-01 1.396449406893584360e-137
1.032070195859066952e-01 4.280343049988428653e-137
5.114343045515410552e-02 8.865337526600129096e-121
3.254359006747677141e-02 4.321432889291824705e-126
2.449653143215190509e-01 3.826447209632753828e-139
6.185330349566346262e-11 2.086251185570090158e-150
3.114121005573284457e-36 2.021036532862727617e-211
1.641978139446482188e-01 1.026063067275523605e-157
4.409900519665377328e-02 9.212745405679192411e-172
3.129259697585457661e-02 1.802048900368313068e-223
9.267259910138779533e-02 3.297935270329482594e-135
2.769527933553339594e-02 4.646660259304002637e-214
1.101480893364506775e-01 3.850700869634802231e-158
1.092696914611315549e-62 3.308126144074238324e-234
2.631785454249295844e-02 2.326376659423130660e-31
2.063119219634378387e-01 1.880759538970275798e-154
1.421097295159725327e-01 2.265469418265261867e-197
7.800440199778228834e-02 1.831640849473794083e-172
7.545654326120898271e-48 2.694492961533661828e-187
1.066222925168882202e-01 2.969297396598792306e-179
8.583762573739611421e-40 4.320682347644166291e-167
1.287833162341039776e-02 1.386021345162853296e-136
3.312716475170426889e-02 2.879573075549616819e-161
2.778155755988685055e-02 1.127622378005321372e-135
4.132697061445557472e-51 1.051446119558335906e-121
2.126228858222811328e-34 9.503113992242193768e-184
1.159521944191674592e-01 1.270099226473753511e-130
5.566789834332259296e-02 2.112937671495301733e-185
2.208081940720914987e-02 4.046268566848645728e-143
1.570829126876974527e-02 1.308173047052926357e-21
1.357796257080130615e-121 6.032661321240859172e-282
1.081850614654500965e-35 1.266556423486314929e-240
2.542927136739143654e-02 2.606116918545089565e-186
1.802121908143032208e-105 9.569786651765878612e-236
2.695190359921904866e-02 1.950360416211120639e-126
1.978086086948495706e-02 5.879957805663842064e-173
2.716690824724698680e-02 2.539067253260897966e-135
2.610485608866930027e-02 6.231787228089465445e-223
8.065929897555459971e-02 1.114979973827447647e-188
2.018490063028587425e-02 1.304682748964176513e-220
3.681619475324018204e-02 2.435289806465601219e-161
3.205656687151289125e-02 5.058399515855690146e-199
1.539872966873963127e-02 5.484089678522104353e-224
