2.942670692760148143e-01 6.432164109794146056e-25 2.339296320175600273e-72
1.530316728294380813e-01 6.149142983523821215e-03 4.323259742952260407e-92
2.333021415323999648e+00 1.593940617038896113e+00 1.253777217113750120e-01
4.418497252132757680e+00 1.851210357904705665e-38 3.025948339788213530e-68
7.986046077299784329e-01 1.070804114346737634e+01 7.501542349022909395e-01
2.854421297910315403e+00 1.372476288645701652e-18 1.582617357471141634e-50
1.354172421306131247e+00 1.384364088017030703e+00 2.479694815227917459e-02
2.425364439219059420e+00 2.922262609928767962e-01 9.894934901020201297e-34
4.227882220144216774e+00 2.561537637866770911e+00 4.049604644191474656e-05
5.644739365126113517e-01 1.173676418972686032e-67 2.123285924557317673e-79
3.643189764103492934e+00 1.261428294456012011e+00 8.058962203378099431e+00
4.502587738275674045e-01 2.550440152948471595e-02 1.146499112928056384e-85
1.570846179677227505e+00 4.993304357759009518e-46 2.210510749958323336e-94
4.049263514084684434e-01 2.639062891392850931e-41 1.469587868294366113e-85
1.488459709930127994e+00 1.125275183159639759e-55 4.391052863203285567e-95
5.370035936066053228e-01 1.274864548161821277e-62 1.200704185340326933e-125
4.735581371943536233e+00 1.353204978371038737e-02 3.175980786037672218e-33
1.673336404900137353e+00 9.206732688163713263e-23 1.258827914879245317e-77
9.934835024610808585e-01 5.393301795640158963e-02 3.355044174193704289e-56
6.523769087418997970e-01 7.128624302862275506e-50 1.734493213767836578e-79
2.755340245984452263e-01 1.081995805721308601e+00 1.708717881111029291e-01
1.050006293322101270e+00 5.658996284788871961e-16 1.249844512661955396e-52
5.890951407490265801e-01 3.332682559851001258e-01 2.100237071706778057e-36
6.231969828950518764e-01 5.790508586446114326e-43 1.969260337205159413e-73
7.394166921347328225e-01 4.680923246952916473e-49 2.863762515614024869e-71
8.428152600697849661e-02 8.625011864826146304e-119 9.879098060240521178e-143
9.182108641789257231e-01 3.991413149349374474e-71 5.494216362048065876e-81
3.877948527653348743e-01 1.611837252149613381e-17 7.445166551753977148e-79
8.086360349019350302e-01 5.866135601126333254e-01 2.641375325407742838e-25
1.304297770521201993e+00 7.119036467223274467e-11 4.097287895994778792e-54
2.488298018364082598e+00 1.924917562343854763e-02 6.567790544247728522e-27
1.234752789350603397e+00 4.398898552553258459e-65 7.677079437391482174e-83
1.102549010687213116e+00 1.304367201494376533e-34 1.636288670363879085e-76
1.718146457827704143e+00 3.017115195513542300e-14 2.711697840948271010e-72
8.683181779509306919e-01 8.449015527166002515e-02 5.968926919812860739e-31
2.159824530112125496e-01 1.406281486888887981e-95 2.585208780161351284e-151
1.296409481940035802e+00 3.169073441294483207e-01 7.105180342699722595e-02
4.946835744163309290e-01 7.033752049692170684e-59 1.367988675475759520e-84
1.792725047047388776e+00 3.984891030758288788e-10 2.245505937765955353e-52
6.512206205785864288e-01 1.748931591640191802e-38 3.182461869759424802e-89
3.435299677550322617e+00 2.878686821106595606e-33 2.330242825098745309e-76
2.557737554191942264e-01 1.819811044494340502e+00 2.950610248843314871e-10
2.449093745058055493e-01 4.851035674218662663e+00 3.829638138461201602e-01
2.487677422025009188e-01 3.326131557278159678e-01 1.902125253562917419e-68
6.322346619551383329e-01 4.169311628101064382e-45 7.072554511485574465e-106
4.555558021493627541e-01 2.473428340985232010e-01 1.220536424198110231e-01
3.964047041244500580e-01 5.887403172434920728e-01 2.513265162168778566e-57
7.049377786585919736e-01 9.302320874076516399e-30 4.965525013566861822e-60
2.027101178298911233e-01 1.520499954872164272e-01 2.905262240508276231e-103
3.596755034676230034e-01 8.535253806684251973e-03 8.693651751641341352e-101
1.105232631069642091e+00 4.660734459917931489e-56 3.270091456253720975e-133
9.527191717139192606e-02 2.343623450266215330e-101 1.194627029114214879e-146
1.458020573015525734e-01 9.566758237629177097e-01 3.350674208522513298e-01
1.450455292864429424e+00 1.348187865794592488e+00 6.641081737085226475e-20
2.245505776301285339e-01 1.149444381270490867e+00 1.795804829543494331e-12
1.075720957278183121e-01 1.360053591298405389e-25 1.548412999376102129e-158
3.858749556321290353e-01 2.880921003980861927e-01 1.843140725836096887e-48
7.009661276243747130e-01 3.807769485238841900e-02 3.789097202545413744e-52
1.306118987279245303e-01 1.690364666067870614e+00 1.320840330534130413e-01
8.824711136969790037e-02 1.438196988103944141e-01 4.107880592099283731e-59
4.797072891530740901e-01 1.246603896456950133e+00 4.542527385980700494e+00
4.080074352108098990e-01 3.725844672894126353e-01 7.513133552550039634e-39
9.702099610916097017e-02 5.664384972947920233e-02 1.226625091938243180e-59
3.399485131873281607e-01 5.416216737914338053e-02 3.186351137788909546e-47
8.074822850282789566e-02 1.487444915073842688e+00 2.391271872485029471e-04
1.245894146362476057e-01 7.657811468810962197e-01 1.938361825303721031e-01
3.347167789489729484e-01 3.011324671833841560e+00 6.273224573519080305e-02
3.989369013953155685e-01 4.687609692146832925e-14 5.510275221741160559e-69
6.308382834813650031e-02 1.070324338501361376e-36 3.274218985018107095e-93
2.827441558898047616e-03 3.071413866030531903e+00 5.894225654761194331e-37
2.191028364248900073e-01 8.508588165816388660e-01 9.964734657470642864e-04
4.143848662125576565e-01 2.542620023807688479e-01 1.489668901995833572e+00
5.264687812363300773e-02 5.216041537015867036e+00 5.437680033304562871e-02
4.381959400365995627e-01 5.061872405444993284e+00 8.365136005928758278e-01
3.634395009318115988e-01 7.896010602592590244e-01 1.110266609224208718e-18
8.698262975040062239e-02 6.168500147312829807e-01 1.062139790903192903e-03
2.031245361076973455e-02 3.273338995821823056e-74 3.082160533463765902e-119
2.558446669441394815e-04 1.951627686870478426e-02 1.121234126271706640e-54
6.470210706750704347e-277 4.777740998526931016e-272 0.000000000000000000e+00
7.666585918761804305e-13 2.685471318727583601e+00 1.837069312422674017e+00
2.680978532498571183e-29 2.922840919983605623e+00 2.052253951366153295e+00
8.326403396049932762e-13 2.226370038669865714e+00 5.405485697017830659e-09
1.354112105636218168e-19 2.016454513267834869e+00 6.940466977686743366e-02
1.797399401872752696e-18 7.101960335881664366e-02 5.285566377144468948e-15
2.508931417807721553e-01 1.062818798905776907e-01 3.362057506549564340e-02
1.903178588028625462e-25 1.577610479093654483e+00 2.777387675456376005e-06
2.730255362736982300e-02 2.746097043219213885e-01 2.016812728511414576e+00
2.416978949733080191e-32 9.673753308750939750e-01 3.946007729626996308e-02
3.215157739047128788e-02 7.701377766259853708e-01 2.720619868758751645e-03
1.052225976837750428e-11 5.696401248658431449e-01 4.314974115823071443e+00
1.851091875118841268e-01 6.613667561926928062e-01 6.202505062179088785e-05
1.807291764798093449e-29 3.543009651482679878e+00 2.134996688688641786e+00
2.066951144793748844e-24 1.975889018745206338e-01 4.839048850893346021e+00
5.491565398226534306e-20 6.365267983090443504e-01 1.441067455031675992e+00
4.323422623458636554e-30 6.396982012416680963e-01 2.891394595158951891e-02
1.763584565750541700e-09 1.681082874079122824e+00 1.172497380591470684e+00
1.831886186177403122e-31 1.108994734954327349e-01 5.400374216882029010e+00
5.167327442178263570e-30 9.463894869341446525e-02 2.945165884241321752e+00
1.085241494734584976e-32 6.433119580925396319e-02 4.155835607127814635e-01
9.389088539825709413e-21 5.278386483417035757e-01 1.632944573103372932e+00
3.767725693904994667e-42 4.909811316085222477e-01 4.271357187230118591e+00
1.072612740016110841e-40 9.137332131752251563e-02 7.684303657980555424e-03
1.319784672502067079e-16 1.204311172766685534e-01 3.027588475103211163e+00
3.802263088040735769e-31 8.078278995943255492e-02 3.426745203385840544e+00
3.739771754816081203e-47 7.062854756217819274e-02 3.230513266940960193e+00
3.856525475401325996e-37 2.255268676871065858e-01 1.432798274360876899e-05
2.509413790087191583e-45 2.081320175430502184e-01 1.574045788168244864e-01
1.191473557572567182e-43 1.206113110251885834e+00 1.427954177244214362e+00
4.239346583013717559e-72 3.783895634585783263e-01 6.609654551480084220e-11
5.522431609646736622e-51 2.591276993588623734e-01 1.454867028919476057e+00
3.464116171179232277e-84 1.609558531864651363e-15 8.503703432900995285e-01
2.158304942688183729e-85 1.347443665897486986e-01 6.987064771044002587e-01
4.818895269970900200e-74 3.898661610903151886e-01 2.237711565197287866e-01
3.275442921843564079e-44 1.220552771838592232e-01 3.391010957774992729e+00
8.011155699268796303e-49 1.537495115976668547e+00 2.608647738726078136e-01
9.297519780157440379e-75 4.799352805585559156e-02 1.533775776365924395e-02
2.137659281209428969e-65 4.766295102569384338e-05 1.498852177443794398e+00
4.097995365421014629e-04 4.459683206030683189e-02 1.931345569636090109e-01
3.690291175605610382e-80 1.072541665240839607e-20 2.886902874370607552e+00
2.227701528495500485e-94 6.361145158877633275e-16 4.611879251782459166e-01
2.840801480699713177e-80 2.656236929796012072e-02 1.998096588917052108e-01
6.162994565964856641e-68 3.977049479655965095e-07 1.371350172385827459e+00
3.508335403754553223e-66 2.646177379308831510e-12 2.039669930139376142e+00
3.228614125449107829e-71 3.841587815839549028e-24 3.295875912922842765e+00
2.697760834940707829e-57 1.341997733520464489e-02 2.046108579750799559e-21
6.717236608484631976e-40 5.122186630444400733e-18 2.151386406628285730e+00
3.241111790531128219e-50 3.108294335765311028e-02 3.507806505960330085e-78
1.239837676246436604e-46 6.978705832538517967e-33 1.276548713537866142e+00
1.332336171916339570e-79 3.676859205720392705e-25 2.798287735510812890e+00
3.986735851125916641e-105 1.205458546499968015e-29 2.145589304568743749e+00
4.367637497758119040e-109 3.123520525051657050e-37 1.174486805253492916e+00
1.320008138560421402e-92 4.559220135951406461e-29 4.771820890092479672e-01
3.597166899913724761e-93 5.018375565521889330e-19 5.954751016052374224e-01
2.309631236728262987e-101 9.408451904761342303e-28 1.216776234027427739e+00
4.796526784201888438e-70 3.612603344761639024e-02 2.139905916270161246e+00
1.327777290933711567e-119 1.040351148466045522e-32 5.541950986467074625e-01
7.386159231945424045e-107 2.000758029603081253e-13 3.023661864734577542e-01
5.232574879764058794e-94 1.105424864473744523e-01 1.921571918288599579e-01
6.368649332270255554e-103 9.986300380605692691e-25 6.395134918758653697e-01
7.738211284170908162e-111 1.156117073765838991e-48 7.430516802933430365e-02
6.060754310333073235e-101 3.244187603236364574e-44 1.620034570397161922e+00
4.408587653242130585e-102 2.861565895292131288e-45 7.944300677488375095e-01
3.662677969737046731e-69 6.796024837305603514e-24 3.371304795140577792e-01
7.743013227761219433e-149 1.384313854508224070e-81 2.759028125851600843e-01
1.261347310516054422e-140 8.007268492154844599e-12 2.336468090389914598e-01
1.862379501590363053e-102 2.088468342817264058e-55 3.077256953484830415e-01
4.017148403763436088e-100 3.760361828173132131e-30 1.069142422016733929e-01
0.000000000000000000e+00 0.000000000000000000e+00 0.000000000000000000e+00
7.955996380522591742e-91 3.813687245150482096e-109 3.113792046045359835e-02
8.569226852417156214e-69 1.528319280326247033e-08 2.734448433298695275e-02
4.071769838896481253e-01 7.067630785271186055e-28 3.259720386470758290e-97
2.052239191515015992e+00 2.532598215412140141e-01 3.181706676206549900e-02
9.794499170993133941e-01 7.020809563288523376e-19 1.683737570564003192e-78
6.422815124935932207e-01 2.399354329541078273e-14 2.170437513425325803e-74
3.445546604496443344e-01 1.579926881605536390e-02 7.048046406140658811e-93
2.120031138498340018e-01 1.133261935977799555e-48 1.937862332151368032e-132
3.237813626706663950e+00 2.392086502669278723e-30 5.095824549932135759e-123
6.879803717756161063e-02 2.010792048593212922e-02 5.207274904128596533e-44
7.559633052087469940e-01 6.905101313386931006e-01 1.409199951873245471e-69
1.118592086157692345e+00 2.189522733856843692e-02 1.312092335745595702e-117
9.289731340073800192e-01 7.904476257336587430e+00 1.153471110177841179e-07
2.818934124399232743e+00 8.816646401432912117e-02 1.269211942065194449e-52
2.956893786538989932e-01 5.520155873398109046e-58 4.618223490450875083e-100
2.250440292170427625e+00 4.608039094612424122e-05 1.907905970328478448e-52
9.466747746683417120e-01 2.964061358572819662e-17 5.817698088423937359e-67
6.990681287677481537e-01 7.807716394043264785e-01 3.066373524402425839e-03
1.548424242721117228e+00 3.556352027754858675e-28 8.936044577567544363e-105
2.365831175173794129e-53 2.104053538444342937e-100 1.103792450679109415e-183
1.370970945358647164e+00 2.291692729073766532e+00 6.399327308953464691e-21
2.959206018229715518e+00 3.830082120384434297e-01 2.102646747040467778e-01
3.492068692471123725e+00 1.603498215926313106e-19 3.116226655454543497e-55
1.508935537691992845e+00 5.121432472103792044e+00 2.268247190555806314e-01
6.161054905177899554e-01 1.278595837722689144e+00 1.055344299044902393e-47
8.479305203683232817e-01 4.082270412455928578e-31 2.448793675885338626e-32
7.020856248370518360e-01 3.423338731500145958e-96 1.971041471532958604e-140
8.184463198421655372e-01 1.014304177788740435e-01 1.502302133035223752e-01
3.695813853143988803e-01 1.549030042261490731e-17 2.717387346729140926e-86
1.039121241176381050e+00 1.395381234593241109e-03 7.497757076610466364e-87
2.446916832149651777e-01 3.075170938944567627e-55 3.493987576287466837e-137
9.814985173315565747e-01 2.586663353959614148e-39 3.474098051030023900e-74
2.482207165734409138e+00 2.348299438521426752e-01 8.465184949297325299e-20
1.809509209463683321e+00 4.839762789717699576e+00 2.192240928845789472e-01
1.769306531252661518e-01 1.904206549765919420e-35 8.830311863762520410e-126
5.419482176241398053e-01 3.845739590233004749e-47 5.018825956829883122e-114
3.289559367064109341e-01 1.440906027636644993e+00 2.409542029931674781e-02
7.518306462063443886e-49 1.160423869021491583e-02 1.824199804320412526e-76
1.189257746226732637e+00 6.954473425496349170e-02 6.513794165941255493e-88
1.592039741371697736e-01 4.439571936003382929e-02 6.822777761475897865e-91
5.326167670868808823e-01 1.672609937133621300e-02 9.904545009790420494e-46
3.038218437490087034e-02 4.401948968351416652e-174 9.962722032945678639e-221
2.527123967832552998e-01 4.616520045159214547e+00 4.058599121884413075e-01
1.029370425215121385e-02 1.339407855857507392e-114 8.837164022988223073e-164
1.434248685951157176e+00 5.517320350169049493e-09 8.267782838582658964e-65
2.750918589687293414e-01 1.712078865597000510e+00 4.933081422847398271e-35
5.500904001978561232e-04 2.077169504909937015e+00 7.979589871636960652e-01
3.901284005093632601e-01 3.868108451643813006e-01 6.891774989044687767e-71
3.796620727175680221e-01 1.799424173600766841e-01 6.126399084756183279e-61
2.726551704609975202e-01 3.132209420303686542e+00 3.441300868959389081e-02
1.013808752295915489e-26 6.430463640430902572e+00 2.258798979838819498e+00
5.713426945177070559e-02 1.919095172670796545e+00 7.302298700009536212e-05
9.764471118009107609e-02 1.057113207315257819e+00 2.985134195621759665e-32
1.627283922549578252e-02 2.079032236196396433e+00 4.631859382947129955e-01
2.259607860611078535e-26 3.942550232153849699e-01 1.132742662214120786e-49
7.885925286524665411e-12 4.911267527118739484e-01 2.525968219994320090e-51
1.226307150036394718e-11 9.416852081985993550e-01 1.328209646429228561e-12
3.504597011307294431e-03 4.481490310152491219e+00 1.276402230553654205e+00
7.114111652571895872e-02 2.749498705365778672e+00 1.674519432507700079e-01
6.559543562210857488e-27 1.248744801707719843e+00 9.207233836862804832e-02
2.698774181698572472e-02 1.036752766444569263e+00 1.197118313829376168e-01
5.699814540385023803e-02 1.638806855694264764e+00 1.262744155675608271e+00
8.037849794568288631e-02 1.316735014924934166e+00 4.257441895292607970e-01
5.806613753221775794e-15 2.162154023141115433e-01 9.690336219741306437e-44
2.754082795440306042e-02 9.972399636851907445e-01 6.350155979726944400e-02
2.748430682762249889e-57 3.699076229471849331e-01 1.840233630588254207e-44
1.585638850391395143e-46 3.658963203627516592e+00 2.167482000544329601e+00
8.152892803582340311e-21 2.879435782305334590e-01 9.109461840025287582e-06
8.956471636883992487e-30 1.766042661024169735e+00 1.688924618222038156e-24
3.524733461441371443e-29 5.181325535212141231e-01 1.230473593635834223e-01
4.942376921734374022e-20 3.030695780231192682e+00 2.299579270619833138e-01
6.648515941589269969e-18 1.514694015157751039e+00 1.254288537527824987e+00
9.141510850878334719e-65 1.491213169824055773e-01 2.593135620446728254e-02
9.646611600007011511e-02 4.013703525233239811e-01 7.191921345194154570e-41
2.716628163679098429e-01 9.072878017846272014e-01 7.957753313426275676e-01
2.272805156176162189e-27 2.949417423991511078e-01 2.011663201075456767e-43
9.131131572357619519e-07 4.083203044771507861e-01 2.525888350047644654e-38
1.188868681390854036e-317 7.131407557518819054e-277 2.408866462863581651e-319
1.977363813671096449e-12 3.750360213168025592e+00 2.373400156493706004e-01
5.780109303291390132e-52 2.024999722482482278e-01 4.485409291484601013e-105
8.433355003033786220e-60 1.683413806127009416e+00 1.118497670354808432e-01
1.718314471346944281e-62 1.901495558716258250e-01 6.110935822152559003e-72
7.858172085383040785e-59 3.596579426374982291e-01 5.906351310905879011e-43
3.362446681801263365e-30 1.000570006121426492e-01 1.498409502233186696e-01
2.891024745052883094e-01 7.998286760648366800e-02 1.286021326522971409e-01
2.293616876853105946e-01 4.025045792520048904e-01 1.589760822832535645e-19
9.094204839920249412e-18 3.179543595310585502e-01 3.026462311921629955e-01
2.156824158223595103e-24 5.717217395970753957e-01 4.370811947899472250e-01
6.632717643732646974e-248 1.092984976176816927e-210 2.904094877703800419e-266
9.735304402312138791e-40 5.242733380850286284e-01 1.026482114475179452e+00
4.606645570329016689e-74 3.212317012537935917e-02 3.795669805376013407e-05
3.734998344342719248e-64 1.805469039366184747e+00 3.069077909262735826e+00
3.325952685419146560e-42 3.939240287498780857e-01 1.526508526003559352e+00
2.180901552281226512e-31 1.498962478901708362e-01 1.783992978263043705e+00
1.936438695707373371e-76 6.767540072920950056e-01 5.906281245043267791e-01
6.814564357352154272e-71 3.208620188292988229e-01 1.024192534725425902e-01
1.165030735523650637e-87 1.180520552554880018e-17 1.309761033625205240e+00
1.482723963915536059e-99 6.608439055795820027e-03 7.419962935907802315e-01
7.125354608525050430e-74 3.204182910862336531e-01 2.053279221327087178e+00
1.862223022628378947e-35 1.133948797491451076e-02 1.191794162994750383e+00
6.129169765514432509e-03 1.130740209734789059e-01 2.893740405379281764e-25
5.079261972704401757e-118 1.790322068339309791e-01 2.692895759916195120e-01
7.458042161822059988e-121 3.823659828927688466e-40 1.655256236725699825e-01
1.950858116491490635e-83 1.477567545664291715e-01 1.411725841224172329e-01
3.938085052453411973e-69 8.289025128875922152e-21 6.129811693818979501e-01
1.228342667101715849e-54 3.834596253902800705e-02 4.862770505186096992e-01
6.863624250759926648e-78 6.813599696029833119e-02 1.181352997257137050e+00
1.929802192825285072e-99 2.512664774651269586e-08 6.332366160374983677e-01
8.863652327698852772e-94 5.648822763277013349e-06 2.387807598511580975e-01
2.616621440803276422e-76 1.766978815569072805e-15 1.916851849168230482e+00
2.639473030760579372e-51 1.255902408020884619e-06 6.748329427902025612e-01
1.989708650096812141e-85 4.578468964496728148e-08 3.226318603603547941e-01
3.302184039894065960e-47 8.255593120186682787e-02 6.135711787398098194e-01
1.539396426725703402e-74 6.500640422535212959e-02 8.874623814662788712e-01
4.498808692061717132e-107 2.539509609424027402e-11 1.164671928251689303e+00
4.455643094844266399e-97 7.479264335275438713e-02 2.466004015295930885e-01
1.622614039637179476e-74 5.672866221328972143e-08 2.273025320646387737e+00
8.222998183234992033e-72 3.502870669412475046e-03 7.831489278082116590e-01
2.481407632627831342e-90 1.082989108268488476e-20 3.893310691716294625e-01
1.349968587981874857e-304 3.760973688998584106e-158 3.526414836780114629e-143
4.831157321400954335e-70 2.144069084581401441e-02 9.231849796303315259e-01
1.058053960144163376e-95 3.093712032462979626e-21 7.122650536881728334e-01
1.684005365683168111e-97 1.248008008179216935e-12 8.677675910251502200e-01
1.044248735235613799e-125 3.779220364541143220e-41 8.266982986939691580e-01
2.996260784040827121e-125 5.192424593836419048e-34 3.069378433492185865e-01
2.902561884641992453e-82 1.169018511863335027e-13 5.177626552876634092e-01
2.167083009905393925e-100 8.599911934400247287e-11 6.996197241051972382e-01
2.389947259119816587e-65 9.451511470176986868e-03 1.698808159110103189e+00
6.371184532669486158e-74 2.715974909860600639e-01 5.124494801466608074e-01
3.104869954347672887e-106 6.002479719634784182e-41 1.173319988108947109e+00
4.986730677328836802e-80 1.716906414525965597e-28 4.729234216017707548e-01
5.376959435962947007e-140 1.578854024059779636e-16 2.630319130847179054e-01
3.533154805573623675e-116 1.123354239995919648e-05 3.522469353412486237e-01
1.533028752807340295e-104 9.422717346297550757e-28 3.925598364174588961e-01
1.709832124455800306e-69 6.799879897479703856e-14 5.611753846073711527e-01
6.020366298193055562e-158 8.252128353079585524e-60 4.495513309561268156e-01
2.821691652366215018e-119 1.616162981636120894e-03 3.671289007549645711e-01
4.246555783873134079e-91 1.700104431857944048e-02 1.946785177251321164e-01
2.227219258467463098e-114 7.012364578262602740e-45 2.503612566056750421e-01
7.217664217380599672e-104 2.156867427554856487e-19 1.333388750272596623e-01
1.293171446784428948e-49 9.132420301938937813e-78 1.940258746646552138e-02
1.847894384912304794e-167 2.722576592370965976e-46 1.454037466824009417e-01
3.832724995382868370e-197 6.384454759137432001e-77 2.890061576197102897e-02
6.632251882889985383e-174 4.914850875026222610e-26 3.390284847523485773e-02
2.330821487940826215e-176 1.360176128978826274e-44 6.846906324238426211e-02
1.157330329906609418e-19 5.111352084998931067e-02 2.657264682189321506e-02
